511		862		1
513		862		1
524		862		1
527		862		1
528		862		1
532		862		1
534		862		1
536		862		1
540		862		1
554		862		1
558		862		1
563		862		1
576		862		1
592		862		1
596		862		1
606		862		1
608		862		1
610		862		1
614		862		1
617		862		1
622		862		1
627		862		1
632		862		1
636		862		1
640		862		1
643		862		1
645		862		1
790		862		1
791		862		1
792		862		1
793		862		1
795		862		1
827		862		1
525		861		1
527		861		1
531		861		1
532		861		1
538		861		1
539		861		1
540		861		1
541		861		1
544		861		1
554		861		1
560		861		1
561		861		1
563		861		1
577		861		1
591		861		1
595		861		1
600		861		1
608		861		1
610		861		1
618		861		1
621		861		1
635		861		1
641		861		1
773		861		1
776		861		1
807		861		1
830		861		1
513		860		1
517		860		1
518		860		1
519		860		1
531		860		1
534		860		1
537		860		1
541		860		1
542		860		1
544		860		1
546		860		1
548		860		1
549		860		1
552		860		1
553		860		1
558		860		1
559		860		1
561		860		1
567		860		1
573		860		1
574		860		1
579		860		1
588		860		1
590		860		1
592		860		1
594		860		1
600		860		1
603		860		1
605		860		1
608		860		1
609		860		1
610		860		1
612		860		1
620		860		1
628		860		1
631		860		1
639		860		1
762		860		1
787		860		1
813		860		1
511		859		1
512		859		1
514		859		1
515		859		1
516		859		1
517		859		1
519		859		1
521		859		1
522		859		1
523		859		1
524		859		1
526		859		1
527		859		1
530		859		1
531		859		1
533		859		1
535		859		1
540		859		1
543		859		1
544		859		1
545		859		1
547		859		1
548		859		1
550		859		1
553		859		1
557		859		1
558		859		1
564		859		1
565		859		1
574		859		1
577		859		1
580		859		1
587		859		1
590		859		1
592		859		1
594		859		1
599		859		1
607		859		1
609		859		1
610		859		1
611		859		1
612		859		1
616		859		1
619		859		1
622		859		1
623		859		1
626		859		1
630		859		1
637		859		1
638		859		1
639		859		1
644		859		1
654		859		1
766		859		1
807		859		1
512		858		1
511		857		1
538		857		1
540		857		1
544		857		1
551		857		1
559		857		1
560		857		1
564		857		1
567		857		1
576		857		1
582		857		1
583		857		1
584		857		1
590		857		1
601		857		1
609		857		1
625		857		1
626		857		1
634		857		1
766		857		1
804		857		1
808		857		1
821		857		1
825		857		1
544		856		1
560		856		1
615		856		1
766		856		1
809		856		1
812		856		1
817		856		1
511		855		1
519		855		1
560		855		1
586		855		1
589		855		1
624		855		1
642		855		1
811		855		1
819		855		1
511		854		1
512		854		1
518		854		1
532		854		1
533		854		1
540		854		1
544		854		1
545		854		1
546		854		1
548		854		1
551		854		1
553		854		1
555		854		1
556		854		1
557		854		1
559		854		1
560		854		1
561		854		1
562		854		1
563		854		1
564		854		1
565		854		1
566		854		1
567		854		1
568		854		1
570		854		1
571		854		1
572		854		1
573		854		1
575		854		1
576		854		1
577		854		1
578		854		1
581		854		1
582		854		1
583		854		1
584		854		1
585		854		1
589		854		1
593		854		1
597		854		1
598		854		1
599		854		1
604		854		1
609		854		1
612		854		1
613		854		1
627		854		1
629		854		1
632		854		1
633		854		1
640		854		1
643		854		1
646		854		1
771		854		1
779		854		1
780		854		1
784		854		1
785		854		1
789		854		1
790		854		1
795		854		1
797		854		1
800		854		1
801		854		1
802		854		1
803		854		1
804		854		1
811		854		1
770		853		1
520		852		1
569		852		1
602		852		1
645		852		1
770		852		1
805		852		1
811		852		1
529		851		1
599		851		1
576		256		1
560		240		1
548		228		1
544		224		1
36		183		1
38		175		1
37		172		1
31		165		1
25		162		1
32		160		1
4		158		1
29		157		1
10		156		1
5		154		1
22		151		1
13		150		1
8		143		1
6		142		1
24		141		1
11		139		1
23		137		1
14		136		1
3		135		1
2		133		1
7		132		1
33		130		1
20		127		1
17		124		1
15		123		1
21		122		1
34		120		1
35		117		1
27		113		1
18		112		1
28		108		1
16		107		1
12		101		1
9		100		1
19		95		1
26		93		1
30		92		1
1		91		1
517		310		0.611831
630		197		0.611831
595		313		0.894859
633		275		0.894859
630		325		0.514015
645		310		0.514015
513		256		0.742330
576		193		0.742330
560		276		0.532301
596		240		0.532301
577		289		0.830258
609		257		0.830258
511		289		0.567401
609		191		0.567401
514		256		0.550329
576		194		0.550329
522		313		0.886128
633		202		0.886128
512		240		0.765222
560		192		0.765222
630		319		0.853654
639		310		0.853654
530		256		0.838024
576		210		0.838024
513		194		0.843740
514		193		0.843740
593		292		0.975487
612		273		0.975487
550		325		0.866180
645		230		0.866180
544		240		0.859355
560		224		0.859355
614		326		0.833795
646		294		0.833795
513		198		0.811128
518		193		0.811128
518		256		0.697060
576		198		0.697060
553		260		0.934952
580		233		0.934952
533		256		0.770979
576		213		0.770979
513		213		0.887874
533		193		0.887874
512		277		0.911524
597		192		0.911524
641		447		0.681690
767		321		0.681690
548		257		0.982226
577		228		0.982226
637		447		0.551206
767		317		0.551206
511		239		0.501698
559		191		0.501698
560		274		0.780918
594		240		0.780918
511		192		0.505285
512		191		0.505285
556		276		0.511503
596		236		0.511503
91		454		0.574512
774		91		0.574512
511		224		0.890430
544		191		0.890430
91		498		0.515868
91		479		0.515868
799		91		0.515868
818		91		0.515868
91		478		0.947759
798		91		0.947759
512		233		0.544469
553		192		0.544469
91		506		0.836820
826		91		0.836820
559		315		0.519181
635		239		0.519181
91		458		0.983477
778		91		0.983477
511		226		0.830646
546		191		0.830646
546		257		0.878118
577		226		0.878118
546		274		0.607428
594		226		0.607428
139		385		0.656810
705		139		0.656810
559		322		0.632637
642		239		0.632637
547		239		0.735396
559		227		0.735396
586		320		0.927292
640		266		0.927292
138		463		0.536753
783		138		0.536753
515		239		0.556837
559		195		0.556837
620		310		0.800596
630		300		0.800596
546		258		0.756542
578		226		0.756542
634		325		0.603567
645		314		0.603567
582		286		0.740697
606		262		0.740697
139		436		0.992788
756		139		0.992788
587		499		0.772987
819		267		0.772987
521		243		0.613002
563		201		0.613002
91		500		0.893561
820		91		0.893561
587		282		0.764844
602		267		0.764844
100		495		0.643093
815		100		0.643093
572		303		0.925691
623		252		0.925691
546		298		0.820057
618		226		0.820057
623		324		0.888642
644		303		0.888642
545		236		0.963480
556		225		0.963480
553		315		0.947386
635		233		0.947386
544		298		0.879488
618		224		0.879488
618		311		0.552861
631		298		0.552861
572		322		0.751445
642		252		0.751445
577		303		0.542706
623		257		0.542706
553		236		0.516786
556		233		0.516786
517		273		0.957568
593		197		0.957568
571		275		0.879632
595		251		0.879632
550		292		0.974606
612		230		0.974606
553		322		0.710166
642		233		0.710166
556		252		0.648944
572		236		0.648944
549		289		0.880299
609		229		0.880299
528		274		0.521501
594		208		0.521501
553		303		0.762459
623		233		0.762459
571		303		0.719553
623		251		0.719553
548		288		0.837949
608		228		0.837949
563		316		0.604416
636		243		0.604416
553		288		0.571531
608		233		0.571531
517		198		0.607145
518		197		0.607145
576		325		0.877853
645		256		0.877853
103		334		0.500684
654		103		0.500684
609		290		0.825262
610		289		0.825262
530		232		0.505791
552		210		0.505791
517		256		0.980581
576		197		0.980581
587		289		0.894465
609		267		0.894465
598		289		0.641934
609		278		0.641934
530		319		0.542709
639		210		0.542709
513		197		0.554115
517		193		0.554115
609		298		0.567485
618		289		0.567485
556		251		0.872706
571		236		0.872706
514		197		0.954953
517		194		0.954953
519		276		0.696415
596		199		0.696415
548		275		0.596559
595		228		0.596559
580		275		0.908127
595		260		0.908127
521		211		0.823366
531		201		0.823366
91		451		0.887034
771		91		0.887034
530		316		0.666755
636		210		0.666755
527		229		0.805729
549		207		0.805729
530		310		0.674096
630		210		0.674096
549		260		0.900088
580		229		0.900088
547		249		0.874214
569		227		0.874214
522		301		0.760202
621		202		0.760202
575		274		0.549380
594		255		0.549380
544		254		0.569867
574		224		0.569867
547		300		0.770031
620		227		0.770031
515		301		0.576907
621		195		0.576907
530		230		0.910204
550		210		0.910204
627		316		0.716790
636		307		0.716790
125		463		0.696251
783		125		0.696251
547		290		0.988590
610		227		0.988590
563		266		0.545663
586		243		0.545663
551		240		0.564967
560		231		0.564967
105		200		0.644375
520		105		0.644375
521		290		0.509470
610		201		0.509470
556		300		0.615010
620		236		0.615010
535		322		0.615390
642		215		0.615390
118		124		0.851548
533		243		0.660229
563		213		0.660229
138		338		0.716274
658		138		0.716274
91		409		0.627945
729		91		0.627945
519		317		0.651845
637		199		0.651845
535		227		0.879777
547		215		0.879777
519		282		0.896418
602		199		0.896418
91		504		0.826180
824		91		0.826180
531		321		0.521117
641		211		0.521117
99		106		0.998629
531		282		0.642520
602		211		0.642520
114		153		0.794907
594		436		0.890065
756		274		0.890065
535		303		0.932635
623		215		0.932635
515		215		0.516616
535		195		0.516616
577		446		0.787122
766		257		0.787122
559		252		0.927007
572		239		0.927007
618		313		0.739450
633		298		0.739450
519		315		0.748463
635		199		0.748463
615		299		0.760712
619		295		0.760712
519		236		0.554454
556		199		0.554454
114		109		0.899200
535		317		0.647620
637		215		0.647620
150		384		0.881620
704		150		0.881620
513		208		0.995522
528		193		0.995522
519		320		0.629660
640		199		0.629660
99		104		0.994181
139		406		0.952364
726		139		0.952364
522		248		0.768237
568		202		0.768237
535		275		0.957165
595		215		0.957165
579		317		0.927218
637		259		0.927218
602		294		0.817409
614		282		0.817409
531		311		0.882573
631		211		0.882573
105		91		0.855809
519		227		0.508671
547		199		0.508671
521		256		0.765802
576		201		0.765802
139		387		0.549340
707		139		0.549340
124		118		0.671005
559		251		0.545468
571		239		0.545468
124		159		0.645003
531		320		0.679011
640		211		0.679011
551		257		0.668879
577		231		0.668879
551		233		0.669337
553		231		0.669337
118		159		0.665607
556		323		0.532550
643		236		0.532550
124		137		0.779248
521		232		0.597459
552		201		0.597459
522		316		0.749407
636		202		0.749407
548		486		0.531784
806		228		0.531784
522		311		0.752167
631		202		0.752167
548		231		0.636677
551		228		0.636677
583		283		0.910117
603		263		0.910117
124		107		0.861517
129		102		0.562581
547		316		0.716255
636		227		0.716255
550		303		0.945667
623		230		0.945667
129		117		0.505723
594		317		0.813567
637		274		0.813567
547		230		0.644875
550		227		0.644875
594		321		0.925145
641		274		0.925145
560		320		0.952884
640		240		0.952884
550		322		0.881198
642		230		0.881198
91		394		0.853454
714		91		0.853454
552		236		0.879961
556		232		0.879961
556		310		0.704557
630		236		0.704557
553		235		0.564133
555		233		0.564133
543		240		0.959529
560		223		0.959529
114		123		0.635136
104		199		0.777500
519		104		0.777500
609		433		0.937900
753		289		0.937900
124		101		0.717023
560		342		0.988657
662		240		0.988657
527		228		0.703883
548		207		0.703883
548		235		0.944588
555		228		0.944588
559		320		0.904486
640		239		0.904486
148		279		0.564978
599		148		0.564978
550		235		0.755328
555		230		0.755328
531		218		0.685278
538		211		0.685278
536		259		0.722332
579		216		0.722332
522		446		0.633104
766		202		0.633104
168		161		0.822905
148		204		0.859373
524		148		0.859373
582		453		0.508458
773		262		0.508458
118		132		0.667485
91		389		0.974110
709		91		0.974110
516		291		0.838144
611		196		0.838144
168		154		0.517272
536		263		0.730942
583		216		0.730942
124		100		0.687440
124		154		0.955514
138		433		0.706611
753		138		0.706611
148		214		0.735797
534		148		0.735797
104		261		0.867993
581		104		0.867993
538		224		0.667015
544		218		0.667015
101		107		0.863699
124		147		0.989365
148		117		0.655790
100		498		0.616684
818		100		0.616684
104		99		0.564003
536		322		0.676390
642		216		0.676390
518		273		0.933452
593		198		0.933452
121		132		0.536978
148		271		0.762440
591		148		0.762440
104		508		0.528978
828		104		0.528978
124		92		0.702652
586		280		0.848010
600		266		0.848010
121		127		0.913166
532		243		0.810619
563		212		0.810619
511		250		0.690997
570		191		0.690997
576		276		0.887863
596		256		0.887863
124		116		0.804538
148		143		0.968498
92		269		0.720134
589		92		0.720134
98		107		0.540774
113		272		0.550933
592		113		0.550933
533		224		0.819714
544		213		0.819714
105		475		0.518565
795		105		0.518565
609		301		0.933783
621		289		0.933783
168		132		0.791651
560		256		0.909359
576		240		0.909359
557		264		0.917116
584		237		0.917116
124		157		0.597974
609		342		0.804354
662		289		0.804354
124		117		0.664449
134		326		0.656326
646		134		0.656326
101		124		0.880209
512		193		0.633710
513		192		0.633710
104		132		0.775620
513		224		0.965563
544		193		0.965563
513		226		0.895584
546		193		0.895584
124		143		0.637121
552		277		0.773543
597		232		0.773543
104		154		0.570351
92		222		0.525577
542		92		0.525577
612		322		0.795934
642		292		0.795934
159		124		0.973853
129		137		0.811810
530		224		0.896161
544		210		0.896161
117		312		0.807033
632		117		0.807033
98		209		0.973386
529		98		0.973386
124		132		0.731109
550		277		0.829154
597		230		0.829154
101		196		0.728335
516		101		0.728335
514		224		0.581070
544		194		0.581070
121		120		0.794050
130		103		0.971066
101		296		0.946277
616		101		0.946277
134		93		0.995445
145		224		0.872481
544		145		0.872481
124		148		0.744919
138		318		0.959682
638		138		0.959682
147		117		0.645948
117		148		0.956173
563		304		0.683350
624		243		0.683350
133		212		0.788960
532		133		0.788960
101		137		0.985177
603		322		0.529388
642		283		0.529388
145		192		0.729864
512		145		0.729864
107		308		0.596746
628		107		0.596746
137		244		0.747472
564		137		0.747472
125		326		0.523714
646		125		0.523714
143		270		0.505287
590		143		0.505287
124		145		0.525914
512		220		0.603616
540		192		0.603616
98		268		0.714107
588		98		0.714107
133		307		0.850198
627		133		0.850198
130		156		0.895768
540		240		0.943682
560		220		0.943682
93		292		0.507945
612		93		0.507945
107		98		0.629748
137		157		0.863403
145		165		0.585073
145		240		0.610740
560		145		0.610740
124		123		0.685130
145		226		0.765790
546		145		0.765790
157		137		0.933081
575		261		0.897893
581		255		0.897893
576		257		0.808198
577		256		0.808198
101		98		0.914341
119		161		0.846433
153		225		0.922565
545		153		0.922565
143		245		0.614189
565		143		0.614189
154		237		0.553106
557		154		0.553106
145		276		0.657959
596		145		0.657959
125		265		0.924789
585		125		0.924789
124		113		0.954784
143		291		0.535712
611		143		0.535712
101		206		0.836749
526		101		0.836749
162		154		0.818973
147		143		0.818973
145		94		0.737096
125		284		0.626158
604		125		0.626158
151		215		0.601757
535		151		0.601757
125		294		0.964340
614		125		0.964340
93		273		0.892063
593		93		0.892063
133		93		0.552212
629		316		0.875140
636		309		0.875140
143		221		0.858083
541		143		0.858083
147		124		0.858083
111		132		0.839316
145		277		0.532253
597		145		0.532253
119		154		0.858100
101		297		0.506278
617		101		0.506278
138		119		0.765840
107		101		0.922429
138		157		0.781650
119		138		0.689527
536		274		0.947238
594		216		0.947238
151		106		0.932794
554		310		0.573290
630		234		0.573290
137		124		0.888923
125		262		0.718644
582		125		0.718644
151		259		0.907485
579		151		0.907485
125		299		0.514762
619		125		0.514762
113		117		0.582427
143		246		0.618753
566		143		0.618753
134		132		0.875391
97		140		0.818568
111		153		0.765351
95		234		0.619080
554		95		0.619080
93		133		0.586459
143		148		0.719212
154		95		0.983465
145		132		0.715172
157		138		0.807456
93		134		0.633804
569		290		0.698257
610		249		0.698257
107		124		0.690238
102		132		0.935349
138		280		0.670036
600		138		0.670036
94		290		0.533895
610		94		0.533895
117		147		0.987346
154		162		0.834338
580		283		0.643141
603		260		0.643141
93		127		0.896716
117		129		0.757579
153		114		0.789750
157		116		0.742392
119		95		0.642383
119		137		0.944872
133		127		0.694990
110		256		0.600460
576		110		0.600460
162		132		0.725377
125		161		0.532209
524		297		0.934562
617		204		0.934562
94		476		0.939318
796		94		0.939318
163		235		0.652164
555		163		0.652164
144		219		0.507682
539		144		0.507682
122		169		0.550362
92		113		0.712083
117		113		0.969684
95		154		0.874473
518		260		0.809529
580		198		0.809529
93		217		0.987496
537		93		0.987496
130		120		0.805112
94		298		0.606631
618		94		0.606631
137		119		0.829433
142		220		0.962774
540		142		0.962774
108		122		0.508217
97		112		0.805432
552		274		0.757555
594		232		0.757555
154		119		0.557870
151		109		0.950322
94		288		0.715678
608		94		0.715678
97		255		0.783504
575		97		0.783504
103		130		0.899890
152		253		0.927922
573		152		0.927922
147		137		0.724737
110		193		0.751344
513		110		0.751344
95		156		0.554689
154		156		0.706597
108		164		0.592219
159		118		0.792483
122		108		0.579454
93		132		0.924529
152		252		0.900084
572		152		0.900084
137		91		0.832187
125		100		0.510896
98		101		0.619368
113		143		0.919425
154		149		0.773911
119		156		0.681592
110		194		0.516464
514		110		0.516464
153		211		0.799572
531		153		0.799572
131		169		0.697527
94		267		0.514248
587		94		0.514248
97		126		0.537102
137		116		0.983499
111		165		0.554093
92		124		0.854052
133		203		0.753542
523		133		0.753542
110		210		0.644551
530		110		0.644551
101		100		0.737607
139		287		0.639508
607		139		0.639508
121		93		0.714673
116		157		0.911839
97		152		0.772542
94		241		0.744553
561		94		0.744553
144		223		0.861234
543		144		0.861234
139		320		0.789070
640		139		0.789070
631		316		0.566272
636		311		0.566272
145		123		0.966493
111		94		0.534060
162		142		0.605574
139		311		0.946339
631		139		0.946339
107		91		0.600665
131		141		0.739329
550		274		0.555120
594		230		0.555120
603		289		0.940178
609		283		0.940178
91		137		0.593054
166		132		0.993393
107		137		0.722517
158		112		0.947812
152		254		0.564579
574		152		0.564579
144		250		0.833397
570		144		0.833397
133		132		0.897238
154		135		0.884028
144		301		0.640172
621		144		0.640172
119		135		0.736139
95		135		0.723819
103		156		0.736264
137		107		0.953870
175		501		0.558464
183		499		0.558464
182		493		0.558464
180		485		0.558464
181		484		0.558464
178		475		0.558464
174		465		0.558464
170		451		0.558464
819		183		0.558464
813		182		0.558464
804		181		0.558464
805		180		0.558464
795		178		0.558464
821		175		0.558464
785		174		0.558464
771		170		0.558464
183		367		0.777752
687		183		0.777752
179		397		0.907913
179		396		0.907913
716		179		0.907913
717		179		0.907913
182		423		0.716782
743		182		0.716782
177		377		0.618201
697		177		0.618201
172		428		0.955567
748		172		0.955567
182		422		0.725680
742		182		0.725680
179		446		0.506001
766		179		0.506001
173		452		0.538004
772		173		0.538004
172		429		0.843936
749		172		0.843936
94		145		0.905592
173		453		0.922837
773		173		0.922837
173		352		0.784907
672		173		0.784907
180		410		0.680883
730		180		0.680883
110		198		0.558798
518		110		0.558798
173		457		0.565374
777		173		0.565374
174		467		0.639107
787		174		0.639107
179		400		0.777833
720		179		0.777833
117		107		0.698815
177		376		0.668363
696		177		0.668363
129		132		0.602904
174		460		0.725069
780		174		0.725069
154		168		0.511893
174		360		0.909351
680		174		0.909351
100		285		0.840570
605		100		0.840570
517		289		0.847011
609		197		0.847011
127		247		0.599230
567		127		0.599230
154		100		0.644516
552		289		0.901421
609		232		0.901421
149		207		0.963511
527		149		0.963511
91		342		0.748033
662		91		0.748033
110		213		0.540718
533		110		0.540718
153		132		0.994009
173		357		0.764165
677		173		0.764165
135		305		0.968891
625		135		0.968891
144		300		0.580658
620		144		0.580658
145		153		0.747314
180		407		0.977341
727		180		0.977341
163		142		0.567890
116		137		0.854715
176		372		0.761396
692		176		0.761396
125		154		0.778366
122		166		0.940553
91		105		0.773133
153		109		0.541153
137		98		0.772322
511		230		0.577102
550		191		0.577102
106		151		0.821198
162		156		0.589340
176		419		0.516278
739		176		0.516278
163		132		0.973395
142		163		0.815673
95		119		0.826796
153		111		0.571105
178		391		0.929373
711		178		0.929373
137		95		0.979464
162		120		0.920502
139		132		0.855936
180		409		0.757854
729		180		0.757854
180		476		0.992234
796		180		0.992234
183		486		0.837035
806		183		0.837035
552		257		0.630520
577		232		0.630520
110		127		0.945346
144		249		0.845756
569		144		0.845756
153		123		0.780248
164		108		0.925847
119		132		0.851077
131		127		0.534032
174		487		0.838777
807		174		0.838777
132		243		0.739450
132		242		0.739450
562		132		0.739450
563		132		0.739450
158		146		0.746008
91		116		0.646629
180		405		0.653380
725		180		0.653380
107		147		0.653380
170		439		0.952068
759		170		0.952068
154		132		0.861870
161		119		0.528962
95		132		0.543313
133		154		0.980597
180		504		0.545572
824		180		0.545572
144		314		0.664156
634		144		0.664156
126		208		0.781718
528		126		0.781718
595		475		0.855533
795		275		0.855533
170		333		0.791089
653		170		0.791089
144		136		0.891148
158		132		0.574532
173		355		0.583780
675		173		0.583780
149		135		0.905539
109		151		0.903917
173		351		0.970015
671		173		0.970015
127		445		0.619670
765		127		0.619670
156		132		0.883590
100		154		0.845123
150		132		0.558752
156		130		0.609606
170		332		0.545469
652		170		0.545469
135		132		0.652447
154		167		0.785839
633		475		0.832295
795		313		0.832295
156		103		0.573923
103		135		0.600363
182		492		0.771537
812		182		0.771537
182		420		0.869835
740		182		0.869835
177		483		0.752535
803		177		0.752535
183		494		0.749683
814		183		0.749683
140		126		0.739450
175		478		0.739877
798		175		0.739877
115		127		0.934740
175		431		0.686083
751		175		0.686083
131		163		0.622913
132		306		0.731242
626		132		0.731242
96		201		0.633157
96		195		0.633157
515		96		0.633157
521		96		0.633157
183		365		0.836836
685		183		0.836836
106		99		0.667560
96		303		0.711351
623		96		0.711351
151		132		0.788278
103		163		0.788800
112		158		0.908391
180		403		0.914722
723		180		0.914722
116		91		0.588844
178		496		0.642642
816		178		0.642642
167		132		0.988058
163		156		0.826027
139		216		0.521112
536		139		0.521112
163		149		0.950109
141		131		0.624095
166		122		0.845716
91		264		0.879221
584		91		0.879221
135		149		0.934878
137		101		0.542375
110		132		0.773030
94		461		0.536500
781		94		0.536500
158		140		0.575169
182		488		0.837057
808		182		0.837057
181		412		0.842949
732		181		0.842949
143		113		0.707265
166		169		0.656592
175		498		0.992662
175		479		0.992662
799		175		0.992662
818		175		0.992662
182		507		0.539623
182		480		0.539623
800		182		0.539623
827		182		0.539623
182		426		0.745464
746		182		0.745464
181		411		0.805889
731		181		0.805889
91		281		0.738916
601		91		0.738916
140		97		0.997501
178		393		0.561326
713		178		0.561326
149		231		0.887446
551		149		0.887446
180		402		0.712857
722		180		0.712857
138		132		0.574473
143		107		0.500765
533		282		0.622686
602		213		0.622686
152		97		0.502879
182		489		0.879950
182		470		0.879950
790		182		0.879950
809		182		0.879950
94		132		0.595858
178		394		0.528870
714		178		0.528870
179		401		0.638498
721		179		0.638498
178		389		0.791610
709		178		0.791610
137		149		0.504578
178		388		0.565898
708		178		0.565898
139		218		0.786056
538		139		0.786056
149		154		0.957475
180		406		0.962908
726		180		0.962908
180		468		0.828803
788		180		0.828803
545		310		0.781937
630		225		0.781937
144		251		0.510089
571		144		0.510089
154		142		0.686975
147		100		0.882419
127		169		0.842941
139		321		0.630803
641		139		0.630803
178		386		0.724852
706		178		0.724852
158		128		0.876974
181		463		0.871714
783		181		0.871714
96		227		0.705608
547		96		0.705608
107		117		0.886741
132		128		0.787688
153		145		0.989598
174		473		0.947956
793		174		0.947956
127		132		0.984274
100		293		0.662410
613		100		0.662410
154		145		0.634882
109		114		0.785101
181		414		0.580880
734		181		0.580880
154		127		0.932562
545		316		0.792954
636		225		0.792954
156		163		0.711029
167		128		0.618457
183		433		0.969624
753		183		0.969624
132		135		0.781018
131		135		0.979192
154		104		0.746081
132		166		0.862468
173		356		0.908327
676		173		0.908327
183		462		0.787570
782		183		0.787570
125		107		0.829429
154		161		0.925181
149		132		0.807494
609		293		0.502504
613		289		0.502504
127		319		0.694433
639		127		0.694433
142		132		0.630476
181		413		0.512977
733		181		0.512977
96		275		0.551643
595		96		0.551643
165		132		0.789416
100		125		0.962665
103		131		0.938130
131		103		0.938130
100		132		0.976980
117		124		0.525032
107		143		0.940198
517		233		0.794042
553		197		0.794042
178		466		0.893431
786		178		0.893431
170		328		0.988996
648		170		0.988996
180		441		0.532044
761		180		0.532044
178		383		0.813521
703		178		0.813521
163		131		0.700150
607		316		0.776220
636		287		0.776220
169		122		0.865293
127		323		0.652642
643		127		0.652642
126		132		0.698289
132		126		0.698289
132		167		0.997383
155		128		0.901171
179		398		0.501184
718		179		0.501184
96		202		0.738404
522		96		0.738404
144		127		0.971117
177		378		0.945912
698		177		0.945912
519		262		0.909612
582		199		0.909612
170		330		0.907710
650		170		0.907710
100		286		0.727138
606		100		0.727138
135		95		0.830096
95		123		0.974706
163		103		0.691994
127		93		0.674692
139		127		0.755710
178		395		0.929009
715		178		0.929009
182		442		0.903695
762		182		0.903695
95		127		0.792765
513		211		0.848516
531		193		0.848516
96		313		0.876842
633		96		0.876842
175		369		0.570196
689		175		0.570196
92		117		0.997181
175		370		0.922000
690		175		0.922000
127		197		0.565419
517		127		0.565419
164		132		0.584926
179		505		0.662616
825		179		0.662616
181		418		0.661579
738		181		0.661579
127		325		0.968911
645		127		0.968911
139		282		0.785027
602		139		0.785027
178		392		0.852948
712		178		0.852948
150		141		0.912128
91		295		0.611826
615		91		0.611826
182		375		0.847357
695		182		0.847357
139		317		0.996677
637		139		0.996677
156		238		0.972790
558		156		0.972790
123		257		0.877188
577		123		0.877188
178		503		0.964808
823		178		0.964808
127		110		0.987078
127		248		0.694295
568		127		0.694295
139		137		0.781497
132		96		0.689413
152		112		0.833690
169		131		0.773468
175		363		0.830357
683		175		0.830357
127		310		0.542954
630		127		0.542954
129		123		0.953724
149		163		0.628471
180		455		0.816412
775		180		0.816412
112		132		0.584768
154		125		0.613159
154		123		0.943022
142		162		0.520285
178		384		0.823799
704		178		0.823799
132		103		0.636547
164		146		0.633623
161		168		0.916034
174		482		0.971638
802		174		0.971638
139		95		0.560375
175		506		0.549742
826		175		0.549742
174		182		0.618772
182		174		0.618772
132		127		0.562487
96		322		0.789389
642		96		0.789389
123		289		0.692560
609		123		0.692560
115		205		0.740242
525		115		0.740242
127		316		0.517611
636		127		0.517611
91		263		0.558810
583		91		0.558810
180		327		0.677299
647		180		0.677299
126		140		0.858256
123		233		0.542527
553		123		0.542527
169		127		0.765863
96		132		0.642764
140		158		0.688311
128		132		0.504951
173		354		0.731081
674		173		0.731081
132		163		0.554704
126		96		0.856717
127		232		0.923238
552		127		0.923238
132		156		0.729286
164		135		0.919810
135		154		0.563549
132		150		0.723457
141		150		0.679496
127		136		0.931336
548		319		0.756130
639		228		0.756130
175		454		0.561469
774		175		0.561469
120		130		0.791430
127		230		0.736947
550		127		0.736947
160		132		0.665337
127		133		0.882753
126		278		0.618797
598		126		0.618797
95		139		0.809405
180		408		0.769571
728		180		0.769571
112		97		0.558523
182		421		0.856870
741		182		0.856870
109		153		0.926766
182		491		0.872445
811		182		0.872445
580		319		0.886443
639		260		0.886443
133		123		0.862204
176		434		0.810117
754		176		0.810117
170		176		0.764460
176		170		0.764460
120		162		0.870793
172		471		0.661891
791		172		0.661891
96		126		0.538110
172		350		0.881449
670		172		0.881449
123		191		0.815935
511		123		0.815935
123		324		0.900695
644		123		0.900695
175		490		0.828112
810		175		0.828112
127		131		0.993270
110		123		0.514010
132		149		0.694808
146		158		0.817887
161		125		0.578181
182		425		0.919318
745		182		0.919318
127		121		0.730781
155		167		0.603535
578		319		0.925469
639		258		0.925469
100		123		0.638553
127		337		0.833067
657		127		0.833067
182		374		0.655074
694		182		0.655074
100		124		0.590187
150		309		0.831057
629		150		0.831057
96		229		0.915069
549		96		0.915069
132		165		0.502345
140		128		0.640566
167		155		0.604548
139		149		0.869891
115		93		0.804021
135		103		0.895568
96		315		0.978246
635		96		0.978246
517		228		0.955389
548		197		0.955389
96		236		0.982546
556		96		0.982546
137		147		0.686579
107		100		0.997686
182		427		0.876149
747		182		0.876149
181		416		0.762302
736		181		0.762302
132		112		0.677866
175		458		0.930430
778		175		0.930430
93		115		0.854903
178		385		0.607536
705		178		0.607536
610		316		0.717574
636		290		0.717574
132		145		0.900925
117		92		0.585976
167		126		0.972422
145		167		0.761005
107		154		0.935296
182		424		0.650359
744		182		0.650359
132		160		0.650359
132		162		0.782143
95		100		0.533854
149		127		0.588688
181		500		0.608215
820		181		0.608215
174		361		0.888921
681		174		0.888921
128		167		0.696315
178		390		0.611343
710		178		0.611343
132		93		0.600750
548		310		0.569832
630		228		0.569832
94		111		0.928487
173		353		0.776503
673		173		0.776503
137		132		0.638050
181		417		0.897717
737		181		0.897717
146		132		0.581366
132		121		0.699336
142		154		0.788851
552		260		0.916032
580		232		0.916032
135		164		0.957934
141		155		0.976426
131		146		0.581508
132		158		0.593405
548		316		0.934316
636		228		0.934316
172		450		0.520849
770		172		0.520849
150		266		0.865677
586		150		0.865677
100		95		0.923937
117		137		0.592228
174		497		0.878052
817		174		0.878052
156		162		0.953303
178		444		0.995390
764		178		0.995390
173		445		0.831481
765		173		0.831481
178		443		0.580719
763		178		0.580719
146		164		0.851835
128		155		0.977801
132		110		0.586278
136		127		0.937069
172		347		0.564902
667		172		0.564902
143		124		0.505260
180		440		0.760019
760		180		0.760019
157		132		0.751320
123		228		0.816945
548		123		0.816945
517		211		0.820535
531		197		0.820535
132		146		0.578020
132		164		0.840978
152		132		0.849674
155		146		0.750612
578		310		0.868611
630		258		0.868611
169		166		0.738038
181		302		0.878760
622		181		0.878760
132		111		0.905206
120		121		0.634527
172		348		0.798965
668		172		0.798965
157		124		0.740648
143		118		0.505371
132		142		0.857632
170		329		0.914009
649		170		0.914009
123		260		0.591608
580		123		0.591608
127		149		0.789671
95		124		0.968499
132		95		0.733614
123		274		0.927070
594		123		0.927070
578		316		0.862773
636		258		0.862773
155		141		0.901960
116		124		0.753500
137		92		0.728311
548		230		0.850840
550		228		0.850840
181		415		0.701892
735		181		0.701892
123		132		0.882506
132		123		0.882506
135		131		0.693272
126		167		0.726861
132		139		0.608859
146		128		0.709976
106		132		0.782671
538		301		0.717431
621		218		0.717431
132		153		0.995271
167		96		0.661244
135		119		0.682384
123		239		0.795975
559		123		0.795975
127		142		0.874137
173		474		0.505383
794		173		0.505383
123		258		0.974186
578		123		0.974186
167		154		0.589512
136		144		0.706679
180		387		0.896190
707		180		0.896190
176		435		0.586430
755		176		0.586430
91		433		0.931185
753		91		0.931185
180		461		0.770251
781		180		0.770251
183		436		0.742978
756		183		0.742978
163		150		0.892404
112		152		0.903281
127		144		0.728427
161		132		0.985935
132		94		0.971681
137		127		0.985241
138		161		0.658447
117		143		0.716394
126		97		0.809876
172		349		0.894935
669		172		0.894935
98		132		0.760151
146		155		0.551810
92		100		0.927501
180		331		0.596411
651		180		0.596411
94		165		0.956002
175		366		0.505362
686		175		0.505362
91		132		0.767007
531		230		0.879551
550		211		0.879551
147		132		0.678319
156		149		0.876953
150		165		0.662743
161		154		0.900053
165		111		0.523340
150		149		0.831364
127		95		0.930092
139		283		0.543379
603		139		0.543379
183		432		0.634267
752		183		0.634267
123		156		0.742379
120		142		0.504957
154		107		0.791338
123		153		0.838540
518		259		0.903582
579		198		0.903582
132		154		0.686740
122		135		0.576091
137		123		0.892829
533		215		0.581653
535		213		0.581653
175		371		0.518397
691		175		0.518397
150		163		0.782428
175		362		0.835219
682		175		0.835219
129		147		0.789547
132		106		0.748689
156		137		0.983182
177		477		0.937158
797		177		0.937158
132		133		0.937238
149		110		0.721574
139		304		0.686539
624		139		0.686539
180		404		0.600599
724		180		0.600599
127		123		0.593218
132		100		0.595059
96		95		0.680655
132		169		0.816298
132		151		0.968244
123		145		0.734217
165		150		0.848067
127		139		0.966776
127		154		0.812058
149		156		0.825759
132		134		0.881555
149		150		0.857227
175		364		0.932865
684		175		0.932865
169		132		0.775381
116		132		0.625521
127		115		0.848394
142		120		0.686976
132		104		0.895673
96		167		0.506503
161		127		0.974061
174		472		0.860818
174		469		0.860818
789		174		0.860818
792		174		0.860818
123		95		0.698110
180		437		0.745218
757		180		0.745218
120		135		0.887755
128		158		0.747489
143		91		0.695830
144		152		0.852330
152		144		0.852330
91		127		0.836529
138		137		0.652609
128		146		0.878340
149		137		0.779379
176		359		0.888059
679		176		0.888059
107		149		0.731013
143		137		0.886660
123		110		0.998221
176		358		0.629980
678		176		0.629980
132		161		0.635804
140		112		0.838650
144		160		0.991457
513		215		0.705617
535		193		0.705617
172		464		0.968442
784		172		0.968442
137		117		0.670727
123		127		0.817219
128		140		0.510293
543		466		0.693716
786		223		0.693716
149		139		0.586914
160		136		0.691866
113		137		0.924391
127		161		0.551124
137		138		0.697925
143		117		0.923218
165		94		0.528179
175		430		0.846832
750		175		0.846832
165		145		0.843851
112		140		0.566867
610		484		0.810688
804		290		0.810688
137		143		0.873461
168		119		0.861416
93		166		0.571561
132		119		0.902665
179		459		0.676861
779		179		0.676861
132		168		0.558743
100		98		0.519068
123		100		0.875487
93		121		0.764057
183		438		0.907077
758		183		0.907077
101		92		0.505860
175		481		0.658147
801		175		0.658147
122		120		0.771637
176		379		0.847740
699		176		0.847740
511		292		0.761830
612		191		0.761830
139		100		0.539532
139		107		0.847742
123		154		0.776005
177		373		0.747306
693		177		0.747306
173		179		0.894721
179		173		0.894721
179		399		0.659570
719		179		0.659570
175		456		0.747282
776		175		0.747282
146		131		0.667084
181		170		0.540663
156		95		0.954540
141		146		0.647587
136		160		0.558063
531		217		0.843154
537		211		0.843154
178		180		0.723890
180		178		0.723890
123		125		0.926908
171		183		0.772182
183		171		0.772182
132		152		0.707682
176		181		0.750387
181		176		0.750387
100		139		0.660145
120		122		0.887994
132		138		0.597957
135		120		0.645352
177		182		0.608716
182		177		0.608716
117		154		0.806728
137		148		0.981350
117		100		0.941801
170		180		0.532434
180		170		0.532434
135		122		0.636007
107		132		0.833422
630		326		0.641099
646		310		0.641099
183		382		0.836467
183		368		0.836467
688		183		0.836467
702		183		0.836467
146		141		0.543947
166		127		0.711064
160		169		0.964947
165		167		0.854652
579		316		0.642249
636		259		0.642249
603		316		0.632474
636		283		0.632474
107		127		0.632312
92		132		0.537025
160		144		0.730352
107		145		0.896819
94		450		0.767015
770		94		0.767015
123		133		0.963194
148		132		0.632054
167		165		0.511854
167		145		0.519823
173		183		0.788775
183		173		0.788775
115		166		0.666926
166		93		0.990541
169		160		0.713061
123		114		0.578227
578		284		0.876096
604		258		0.876096
171		173		0.739935
173		171		0.739935
107		123		0.505830
161		138		0.861104
132		137		0.503366
175		181		0.667774
181		175		0.667774
137		113		0.814452
127		137		0.837204
133		115		0.782366
129		113		0.722929
132		157		0.991111
92		101		0.808220
517		199		0.631802
519		197		0.631802
132		91		0.532518
132		116		0.965216
143		154		0.992447
127		166		0.932181
609		294		0.555901
614		289		0.555901
115		133		0.611377
521		280		0.937238
600		201		0.937238
593		451		0.724890
771		273		0.724890
535		217		0.754976
537		215		0.754976
568		261		0.728586
581		248		0.728586
156		98		0.550325
149		107		0.844901
170		178		0.879313
178		170		0.879313
93		120		0.839257
135		146		0.953362
537		259		0.570329
579		217		0.570329
533		237		0.805228
557		213		0.805228
123		137		0.754069
522		468		0.816700
788		202		0.816700
174		172		0.917018
132		124		0.640471
132		118		0.670087
146		135		0.527892
154		117		0.535230
518		237		0.601355
557		198		0.601355
172		175		0.509776
175		172		0.509776
117		132		0.619030
117		127		0.601879
154		143		0.655748
166		115		0.706761
623		451		0.701104
771		303		0.701104
172		176		0.652756
176		172		0.652756
513		261		0.819145
581		193		0.819145
172		174		0.931666
113		132		0.997712
138		208		0.636933
528		138		0.636933
518		218		0.922278
538		198		0.922278
123		124		0.797717
150		479		0.987206
799		150		0.987206
530		261		0.958857
581		210		0.958857
120		93		0.540473
100		143		0.588770
117		145		0.913325
532		280		0.866782
600		212		0.866782
95		129		0.767566
139		117		0.875711
147		129		0.966922
138		203		0.747122
523		138		0.747122
176		175		0.590746
132		107		0.818035
533		285		0.523607
605		213		0.523607
513		216		0.954561
536		193		0.954561
143		132		0.844983
577		493		0.686358
813		257		0.686358
176		174		0.831075
538		256		0.590440
576		218		0.590440
132		98		0.820436
143		127		0.603828
91		474		0.798497
794		91		0.798497
170		338		0.648644
658		170		0.648644
119		168		0.938464
123		107		0.760344
176		339		0.945728
659		176		0.945728
170		172		0.603002
171		177		0.690334
177		171		0.690334
132		147		0.871485
179		447		0.964072
767		179		0.964072
176		177		0.756743
177		176		0.756743
147		92		0.582225
570		468		0.633890
788		250		0.633890
170		449		0.543021
769		170		0.543021
92		147		0.616390
170		381		0.672019
701		170		0.672019
170		341		0.505568
661		170		0.505568
132		92		0.788259
170		337		0.592448
657		170		0.592448
170		380		0.533169
700		170		0.533169
170		343		0.854966
663		170		0.854966
132		129		0.725481
127		117		0.552877
170		340		0.906786
660		170		0.906786
170		448		0.655084
768		170		0.655084
170		335		0.686218
655		170		0.686218
170		495		0.956563
815		170		0.956563
170		344		0.515611
664		170		0.515611
132		117		0.926071
170		336		0.544891
656		170		0.544891
113		129		0.981022
132		102		0.719997
533		294		0.697713
614		213		0.697713
170		342		0.846258
662		170		0.846258
127		113		0.707967
170		346		0.548776
666		170		0.548776
132		143		0.638879
170		502		0.538568
822		170		0.538568
132		148		0.879664
170		345		0.785909
665		170		0.785909
132		113		0.521598
123		129		0.721813
597		281		0.530137
601		277		0.530137
170		334		0.583050
654		170		0.583050
596		295		0.736926
615		276		0.736926
595		295		0.957713
615		275		0.957713
553		450		0.806716
770		233		0.806716
183		179		0.859756
102		113		0.770981
584		274		0.905569
594		264		0.905569
526		455		0.694838
775		206		0.694838
91		246		0.610030
566		91		0.610030
529		447		0.714144
767		209		0.714144
541		501		0.717573
821		221		0.717573
566		281		0.894209
601		246		0.894209
518		281		0.634337
601		198		0.634337
583		291		0.930116
611		263		0.930116
113		102		0.773368
91		271		0.850250
591		91		0.850250
611		450		0.906512
770		291		0.906512
563		268		0.961212
588		243		0.961212
604		291		0.663821
611		284		0.663821
566		265		0.989191
585		246		0.989191
585		270		0.952796
590		265		0.952796
542		448		0.518007
768		222		0.518007
589		287		0.950489
607		269		0.950489
175		115		0.860843
590		466		0.940692
786		270		0.940692
516		215		0.643828
535		196		0.643828
541		449		0.636280
769		221		0.636280
541		234		0.514251
554		221		0.514251
554		246		0.560406
566		234		0.560406
554		270		0.848946
590		234		0.848946
565		449		0.603463
769		245		0.603463
526		249		0.714688
569		206		0.714688
565		502		0.551960
822		245		0.551960
578		297		0.903336
617		258		0.903336
541		282		0.767220
602		221		0.767220
611		321		0.976613
641		291		0.976613
555		270		0.921006
590		235		0.921006
555		291		0.804960
611		235		0.804960
113		285		0.613912
605		113		0.613912
565		321		0.835977
641		245		0.835977
565		282		0.738241
602		245		0.738241
148		495		0.869726
815		148		0.869726
566		288		0.683621
608		246		0.683621
608		291		0.948524
611		288		0.948524
587		291		0.562926
611		267		0.562926
148		494		0.599436
814		148		0.599436
561		291		0.663017
611		241		0.663017
550		291		0.594221
611		230		0.594221
565		310		0.953987
630		245		0.953987
565		325		0.713857
645		245		0.713857
113		494		0.894813
814		113		0.894813
556		291		0.561725
611		236		0.561725
541		276		0.803829
596		221		0.803829
569		291		0.514608
611		249		0.514608
544		245		0.574212
565		224		0.574212
541		233		0.938164
553		221		0.938164
559		245		0.815779
565		239		0.815779
553		270		0.869129
590		233		0.869129
541		289		0.821607
609		221		0.821607
524		300		0.607708
620		204		0.607708
511		270		0.902800
590		191		0.902800
590		274		0.506671
594		270		0.506671
533		245		0.619170
565		213		0.619170
591		289		0.970801
609		271		0.970801
565		256		0.842064
576		245		0.842064
155		510		0.520255
830		155		0.520255
155		509		0.527970
829		155		0.527970