BendersMethod=cutpl	maxNcuts=5	tol=1e-06	gapTol=0.5	pi0Coef=0.1	timeLimit=3600	poolplus=False	LevelParam=0.01	mip=True	newn=True
1	166.25361108779907	0.1058282793069509	0.14069032669067383	0.3457329273223877	None	0.3940083980560303	94.45766377449036	1.6719160104986877	381	0.7819106578826904	0.08174347877502441	6	2	cutpl	3839	1292
2	253.5642306804657	0.11093951379376676	0.19355034828186035	0.6690244674682617	None	0.8508820533752441	163.3832950592041	2.310769230769231	325	0.5185801982879639	0.0787508487701416	15	3	cutpl	4211	1992
3	339.3599019050598	0.11623785628955141	0.24537181854248047	1.0250728130340576	None	1.311021089553833	231.7629897594452	2.4875	320	0.6881585121154785	0.06087470054626465	19	6	cutpl	4505	2673
4	428.0259003639221	0.11999481713712433	0.30625009536743164	1.3765223026275635	None	1.792060375213623	302.21570086479187	2.6514657980456025	307	0.8297812938690186	0.08577632904052734	28	8	cutpl	4771	3314
5	524.9119267463684	0.12371885321532933	0.36911821365356445	1.7307233810424805	None	2.310190200805664	377.7486596107483	2.8846153846153846	286	0.8516836166381836	0.07383918762207031	37	9	cutpl	5069	3952
6	626.4774446487427	0.1269665077054044	0.4549257755279541	2.1477129459381104	None	2.900568723678589	458.4429461956024	2.888535031847134	314	0.980414867401123	0.09271502494812012	51	12	cutpl	5353	4665
7	727.123453617096	0.12997591980743237	0.5397000312805176	2.5585720539093018	None	3.5973501205444336	537.0989737510681	3.4839857651245554	281	0.9275202751159668	0.08772873878479004	56	11	cutpl	5607	5317
8	823.4838495254517	0.13151013005477757	0.6265058517456055	2.9636571407318115	None	4.340274095535278	608.7393400669098	3.4854014598540144	274	0.9653809070587158	0.0937490463256836	65	18	cutpl	5846	5913
9	910.7146835327148	0.13250618765606145	0.6883754730224609	3.349735975265503	None	5.158337831497192	673.3344287872314	3.0314685314685317	286	0.9424469470977783	0.08676958084106445	76	13	cutpl	6032	6489
10	995.3793778419495	0.13336900152286696	0.7681949138641357	3.7048180103302	None	6.385860919952393	731.9034075737	3.63855421686747	249	0.9793832302093506	0.09578371047973633	81	7	cutpl	6173	6978
11	1090.8182709217072	0.1341489549478039	0.8459837436676025	4.103801488876343	None	7.795501232147217	798.8713383674622	3.897163120567376	282	0.8128259181976318	0.09877324104309082	92	17	cutpl	6346	7515
12	1190.2255592346191	0.13532955812359818	0.9117574691772461	4.481767177581787	None	10.165531873703003	872.0790357589722	4.32421875	256	0.9743945598602295	0.1077125072479248	107	19	cutpl	6521	8043
13	1280.0594367980957	0.13667312439800436	0.9745645523071289	4.824229717254639	None	12.68796706199646	935.6102013587952	4.5225225225225225	222	1.0721349716186523	0.1077115535736084	114	14	cutpl	6658	8511
14	1374.6585757732391	0.13865742511068654	1.0584118366241455	5.231762886047363	None	15.62437891960144	1000.2517907619476	4.5020746887966805	241	1.1100335121154785	0.10970854759216309	120	27	cutpl	6813	9003
15	1472.4781277179718	0.13936310024162785	1.121244192123413	5.625276565551758	None	19.247019290924072	1067.2008728981018	4.760765550239235	209	0.9923505783081055	0.11170053482055664	127	36	cutpl	6950	9487
16	1560.7542061805725	0.14065203023345452	1.188065767288208	6.0011327266693115	None	25.257359266281128	1123.3506944179535	4.930348258706467	201	0.7619221210479736	0.12569928169250488	134	38	cutpl	7054	9895
17	1655.1758575439453	0.14113555085235735	1.275866985321045	6.413677215576172	None	30.7919819355011	1182.7011196613312	4.842105263157895	228	0.9345402717590332	0.11964297294616699	143	26	cutpl	7186	10330
18	1738.4203805923462	0.1417061650777016	1.3337147235870361	6.762498617172241	None	37.61500644683838	1230.8015048503876	4.830845771144278	201	0.8905839920043945	0.11173582077026367	145	32	cutpl	7259	10684
19	1823.5558507442474	0.14212905512162186	1.4015264511108398	7.124086856842041	None	44.85772490501404	1278.8864631652832	4.895	200	0.9484639167785645	0.12366771697998047	147	33	cutpl	7343	11032
20	1911.6294684410095	0.14260043932797212	1.4723362922668457	7.497682094573975	None	52.83923530578613	1329.8683605194092	4.909090909090909	198	0.7520263195037842	0.14062213897705078	151	43	cutpl	7448	11392
21	1994.4241962432861	0.1428852914548531	1.5621309280395508	7.87628698348999	None	60.68719959259033	1373.7179720401764	4.872448979591836	196	0.6711738109588623	0.10970497131347656	153	35	cutpl	7543	11722
22	2073.9546449184418	0.14298702949677206	1.6209743022918701	8.209761619567871	None	67.91321516036987	1416.5601856708527	4.654054054054054	185	1.4111931324005127	0.14561104774475098	144	31	cutpl	7622	12020
23	2156.291595697403	0.14315407712134104	1.6967711448669434	8.588093996047974	None	76.5419054031372	1457.9401404857635	4.595	200	0.7719347476959229	0.10372400283813477	159	39	cutpl	7696	12345
24	2246.503533601761	0.14338718740081452	1.7795109748840332	9.005399227142334	None	87.55571055412292	1504.1762177944183	4.488789237668161	223	0.8307805061340332	0.1057279109954834	164	36	cutpl	7799	12697
25	2336.7393758296967	0.14356330705545714	1.850325345993042	9.395298480987549	None	101.26575827598572	1547.2712213993073	4.7853881278538815	219	0.8836731910705566	0.09873795509338379	166	34	cutpl	7896	13017
26	2424.267413377762	0.14362857066526755	1.9371485710144043	9.742557287216187	None	116.67875647544861	1585.505614042282	4.961956521739131	184	0.782907247543335	0.12068033218383789	170	18	cutpl	7957	13291
27	2507.7832112312317	0.14369336262219823	1.9910063743591309	10.090305805206299	None	130.79687523841858	1622.1337847709656	4.908571428571428	175	0.7171180248260498	0.11668825149536133	177	35	cutpl	8015	13550
28	2588.4815413951874	0.14379455822739085	2.056866407394409	10.466721057891846	None	143.52135825157166	1655.8218665122986	4.682291666666667	192	0.7250299453735352	0.10767436027526855	183	44	cutpl	8088	13813
29	2671.559509038925	0.1438654362646651	2.1197378635406494	10.797575950622559	None	159.28900575637817	1688.8043565750122	4.981481481481482	162	0.6732017993927002	0.1556229591369629	187	59	cutpl	8150	14041
30	2720.582491159439	0.14390981310823245	2.146664619445801	10.987998008728027	None	165.52270889282227	1704.1917634010315	4.861702127659575	94	0.7231040000915527	0.11968493461608887	178	46	cutpl	8171	14165
31	2767.987799167633	0.1439535984218434	2.1835639476776123	11.168392658233643	None	171.60624814033508	1718.242527961731	4.954545454545454	88	0.5704350471496582	0.15957283973693848	181	51	cutpl	8188	14273
32	2814.147434949875	0.1439742996657675	2.2165157794952393	11.336958408355713	None	178.22331643104553	1730.7671229839325	5.0	75	0.5575084686279297	0.16551876068115234	183	82	cutpl	8201	14370
33	2864.7522270679474	0.14398085064464883	2.2354671955108643	11.526227951049805	None	185.16308093070984	1745.900936126709	4.96039603960396	101	0.4578061103820801	0.12366747856140137	186	49	cutpl	8219	14487
34	2912.043798685074	0.14398370597410592	2.247433662414551	11.698649168014526	None	192.0208864212036	1758.1673848628998	5.0	79	0.5515632629394531	0.15961170196533203	189	87	cutpl	8230	14582
35	2961.749959230423	0.14399535424443993	2.2614328861236572	11.878041982650757	None	199.1447229385376	1772.3438210487366	5.0	90	0.5285491943359375	0.13663363456726074	192	48	cutpl	8246	14691
36	3010.696145772934	0.14403050318123314	2.2903921604156494	12.047473430633545	None	206.31699800491333	1786.173365354538	4.9875	80	0.6642608642578125	0.16356348991394043	195	79	cutpl	8267	14793
37	3057.295605659485	0.1440355604929227	2.3003673553466797	12.206773281097412	None	214.11289310455322	1796.91406083107	5.0	76	0.3640267848968506	0.1735372543334961	199	95	cutpl	8274	14880
38	3103.761421442032	0.14406973465637526	2.3173229694366455	12.357270956039429	None	222.34522128105164	1807.2811512947083	5.0	69	0.4258992671966553	0.18051815032958984	205	91	cutpl	8282	14962
39	3149.8622138500214	0.1440812724869996	2.3332808017730713	12.4957754611969	None	230.42806911468506	1817.2198975086212	4.971830985915493	71	0.46274805068969727	0.1605374813079834	210	68	cutpl	8292	15041
40	3196.4377381801605	0.14410666980177245	2.3582541942596436	12.652202129364014	None	238.86541604995728	1826.896555185318	4.957746478873239	71	0.4996623992919922	0.13663482666015625	213	45	cutpl	8300	15122
41	3247.826399564743	0.14419745006667173	2.402172327041626	12.811673879623413	None	247.92957401275635	1840.1908555030823	5.0	84	0.5006611347198486	0.1415860652923584	216	62	cutpl	8321	15220
42	3301.9268486499786	0.14422116398253212	2.42315411567688	13.009976387023926	None	256.62266874313354	1855.8403944969177	4.956989247311828	93	0.6722016334533691	0.14657068252563477	221	66	cutpl	8350	15332
43	3351.5970647335052	0.14424918460498598	2.4541101455688477	13.181487321853638	None	265.52434492111206	1867.5634965896606	4.674698795180723	83	0.43483781814575195	0.11266493797302246	224	51	cutpl	8375	15425
44	3398.778970003128	0.14428553913736916	2.4750564098358154	13.32783317565918	None	274.6003122329712	1877.0496220588684	5.0	61	0.52060866355896	0.17652630805969238	229	109	cutpl	8385	15497
45	3447.1367292404175	0.14432158123516908	2.497995615005493	13.476157665252686	None	283.7517340183258	1887.337951183319	5.0	65	0.568479061126709	0.17353272438049316	232	73	cutpl	8396	15574
46	3493.182668209076	0.14432836780303243	2.510960817337036	13.614627599716187	None	292.0217819213867	1896.2420151233673	4.984126984126984	63	0.5923781394958496	0.12470555305480957	235	83	cutpl	8401	15644
47	3539.591675043106	0.1443310610163515	2.5209715366363525	13.764185667037964	None	300.55197739601135	1905.3932893276215	5.0	65	0.5534801483154297	0.18351435661315918	239	108	cutpl	8410	15715
48	3587.457754135132	0.14433973705174807	2.5358994007110596	13.923606634140015	None	310.60754895210266	1914.4460344314575	5.0	63	0.5146255493164062	0.1835479736328125	242	111	cutpl	8419	15783
49	3619.254770755768	0.14433973705174807	2.5358994007110596	13.923606634140015	None	320.38924384117126	1914.4460344314575	5.0	0	-inf	inf	245	123	cutpl	8419	15783
