BendersMethod=cutpl	maxNcuts=10	tol=1e-06	gapTol=0.5	pi0Coef=0.1	timeLimit=7200	poolplus=False	LevelParam=0.01	mip=True	newn=True
1	288.14219331741333	0.1978661533929396	0.1087489128112793	0.593991756439209	None	0.4044039249420166	229.7466938495636	5.410666666666667	375	3.0498993396759033	0.0767827033996582	10	2	cutpl	2696	2021
2	477.97606086730957	0.20677133810584275	0.14365315437316895	1.0668246746063232	None	0.8793003559112549	396.0517590045929	6.409090909090909	308	3.317136764526367	0.08078241348266602	27	4	cutpl	3047	2939
3	639.9382874965668	0.21124841532516714	0.17361021041870117	1.4546332359313965	None	1.4004018306732178	536.2057721614838	6.104477611940299	268	5.161210536956787	0.08477234840393066	39	7	cutpl	3318	3671
4	728.9415256977081	0.21378731328835227	0.19654631614685059	1.687321662902832	None	1.9509921073913574	605.2298743724823	6.403314917127072	181	3.0787734985351562	0.08573174476623535	51	10	cutpl	3495	4079
5	808.5038743019104	0.2150624258316796	0.21550440788269043	1.9137704372406006	None	2.4800467491149902	664.7165107727051	6.427745664739884	173	3.1296377182006836	0.08776688575744629	66	12	cutpl	3638	4436
6	903.0133633613586	0.21560882506902276	0.2324235439300537	2.1331048011779785	None	3.042816400527954	739.1171324253082	7.211382113821138	123	3.785919189453125	0.09674239158630371	71	10	cutpl	3777	4761
7	997.8738446235657	0.21590701596567272	0.24440383911132812	2.344318151473999	None	3.5733275413513184	815.2346386909485	7.088	125	3.564476728439331	0.09175491333007812	84	10	cutpl	3895	5120
8	1037.8988740444183	0.2161276299186689	0.2573704719543457	2.452176570892334	None	4.147313117980957	838.1104154586792	7.150943396226415	53	1.5668108463287354	0.11469221115112305	95	41	cutpl	3931	5271
9	1110.8239786624908	0.21619827558396887	0.26434826850891113	2.6457316875457764	None	4.7637622356414795	891.7992675304413	7.454545454545454	99	2.391604423522949	0.1077122688293457	107	13	cutpl	4020	5545
10	1151.3107743263245	0.21635031668434654	0.2803034782409668	2.7325005531311035	None	5.344388961791992	912.956690788269	7.476190476190476	42	1.8619718551635742	0.11469244956970215	118	39	cutpl	4075	5677
ObjVal: 0.21975323314643141	ObjBnd: 0.21975323314643141	BnCTime: 27.8405921459198	No. of MIP solns: 15	BendersTime: 23.988913536071777	TotalTime: 1179.19624710083
*ObjVal: 0.2197532325246456	ObjBnd: 0.2197532325246456	BnCTime: 42.67394423484802	No. of MIP solns: 21	BendersTime: 34.60058569908142	TotalTime: 1194.0295991897583
