BendersMethod=cutpl	maxNcuts=5	tol=1e-06	gapTol=0.5	pi0Coef=0.1	timeLimit=3600	poolplus=False	LevelParam=0.01	mip=True	newn=True
1	169.25764656066895	0.13488508955947306	0.11868119239807129	0.3933899402618408	None	0.3651158809661865	104.63747572898865	1.6919060052219321	383	2.2500054836273193	0.06880998611450195	10	2	cutpl	3357	1320
2	260.9695408344269	0.13972756772386913	0.1515815258026123	0.7131130695343018	None	0.8043575286865234	178.38502764701843	2.162251655629139	302	3.3749873638153076	0.06785750389099121	22	4	cutpl	3658	1932
3	363.9653151035309	0.14480270195642253	0.18651771545410156	1.0938160419464111	None	1.277458906173706	262.85075426101685	2.7166123778501627	307	2.352707862854004	0.08278179168701172	35	6	cutpl	3982	2632
4	477.1946654319763	0.14978074602685862	0.23039722442626953	1.4711883068084717	None	1.765439748764038	353.03214597702026	2.8514851485148514	303	4.132957696914673	0.09075450897216797	39	8	cutpl	4332	3269
5	583.7449400424957	0.1545863136967824	0.2702906131744385	1.7905278205871582	None	2.293224811553955	436.13643860816956	2.9612403100775193	258	2.767606735229492	0.08975958824157715	43	10	cutpl	4625	3842
6	699.0647430419922	0.15901225569061164	0.3131687641143799	2.1596405506134033	None	2.8928475379943848	529.9969458580017	3.180811808118081	271	3.6413023471832275	0.09171795845031738	48	11	cutpl	4869	4427
7	821.0716698169708	0.16378845766521494	0.37400293350219727	2.4907755851745605	None	3.6467576026916504	631.0892081260681	3.640449438202247	267	3.916534662246704	0.08874988555908203	66	7	cutpl	5094	5071
8	949.443589925766	0.16639471692445065	0.43686771392822266	2.8579392433166504	None	4.436238765716553	734.1414060592651	3.724907063197026	269	3.113676071166992	0.09275293350219727	81	11	cutpl	5303	5662
9	1080.0784225463867	0.16817710515887144	0.497699499130249	3.250077724456787	None	5.320306777954102	838.1682405471802	3.8544776119402986	268	3.1156318187713623	0.09075665473937988	86	14	cutpl	5508	6273
10	1210.2266359329224	0.16991275361769434	0.5455658435821533	3.642242193222046	None	6.498188257217407	941.8124907016754	3.9731800766283527	261	4.491965293884277	0.07184267044067383	91	6	cutpl	5665	6817
11	1330.0373916625977	0.17132039787965417	0.5884513854980469	4.110997438430786	None	7.90531325340271	1034.252275943756	4.212765957446808	282	3.2243571281433105	0.08377408981323242	103	7	cutpl	5839	7449
12	1438.0267832279205	0.17266522525304562	0.630333423614502	4.4771623611450195	None	10.000723600387573	1114.522278547287	4.6415929203539825	226	2.888282060623169	0.07982206344604492	114	9	cutpl	5969	7953
13	1543.3463096618652	0.1733853612496461	0.6762101650238037	4.780637979507446	None	12.332085847854614	1193.0604820251465	4.744897959183674	196	4.88993763923645	0.10272336006164551	120	28	cutpl	6069	8369
14	1638.5688211917877	0.17379016073466955	0.7260794639587402	5.070794105529785	None	14.941933870315552	1259.8147566318512	4.813186813186813	182	2.9969968795776367	0.10376214981079102	122	32	cutpl	6176	8740
15	1732.5476942062378	0.17430206669122392	0.7829313278198242	5.37486457824707	None	17.687841415405273	1324.3581802845001	4.670212765957447	188	4.786207675933838	0.11369466781616211	128	25	cutpl	6267	9097
16	1832.3399939537048	0.17451943596580083	0.8417751789093018	5.705713748931885	None	20.551682949066162	1394.838951587677	4.695876288659794	194	3.6572344303131104	0.11672425270080566	131	26	cutpl	6349	9465
17	1934.7482640743256	0.1746665993459517	0.8856236934661865	6.111418962478638	None	24.21975803375244	1463.2184450626373	4.39344262295082	244	2.870319366455078	0.09374809265136719	138	29	cutpl	6484	9889
18	2026.9937303066254	0.17479967049117792	0.9245190620422363	6.456417560577393	None	28.297630310058594	1523.2151730060577	4.317073170731708	205	3.55251407623291	0.10771322250366211	145	13	cutpl	6569	10255
19	2122.3090336322784	0.17492794149633467	0.9664793014526367	6.833226680755615	None	33.010577917099	1584.0986177921295	4.5233644859813085	214	5.420483827590942	0.08476805686950684	152	18	cutpl	6661	10644
20	2214.477669239044	0.17498413018293338	1.0083980560302734	7.134061098098755	None	38.245503425598145	1642.0422654151917	4.658959537572255	173	7.659531116485596	0.0857696533203125	154	31	cutpl	6708	10935
21	2303.2524116039276	0.1750365494246866	1.0463199615478516	7.470773935317993	None	43.589316606521606	1695.8949189186096	4.778947368421052	190	4.867009401321411	0.10571622848510742	157	35	cutpl	6791	11220
22	2394.8176991939545	0.17505310091864723	1.0642600059509277	7.786936521530151	None	48.74445986747742	1753.037068605423	4.80225988700565	177	3.5914018154144287	0.10073375701904297	161	25	cutpl	6859	11501
23	2472.5729310512543	0.17506926487915905	1.095177173614502	8.034964561462402	None	54.43082618713379	1796.3063652515411	4.809859154929577	142	5.1811535358428955	0.09973263740539551	141	40	cutpl	6889	11701
24	2555.9610335826874	0.17512531861309	1.139136552810669	8.27904462814331	None	60.88695001602173	1843.1619811058044	4.913669064748201	139	4.489012956619263	0.12961935997009277	146	51	cutpl	6938	11902
25	2605.1765377521515	0.17513834225473277	1.1580848693847656	8.474456787109375	None	65.34809517860413	1861.0509052276611	4.658730158730159	126	0.897599458694458	0.08772826194763184	149	42	cutpl	6954	12064
26	2658.457141160965	0.17515304840244603	1.1700615882873535	8.713330030441284	None	70.40430569648743	1881.5488014221191	4.742647058823529	136	0.6053829193115234	0.09275221824645996	154	33	cutpl	6994	12258
27	2706.508684873581	0.1751851425151124	1.2000243663787842	8.916704177856445	None	75.94350242614746	1896.2763166427612	4.808333333333334	120	0.8228020668029785	0.09873080253601074	157	52	cutpl	7010	12402
28	2786.2266330718994	0.17519446041325698	1.236926555633545	9.166781663894653	None	82.19248914718628	1940.1875994205475	4.80794701986755	151	3.0269179344177246	0.09973931312561035	164	28	cutpl	7060	12590
29	2870.119426012039	0.17520536112241739	1.2618894577026367	9.40084457397461	None	88.72831892967224	1985.2217721939087	4.961538461538462	130	3.850705623626709	0.10970664024353027	167	65	cutpl	7092	12754
30	2914.881793498993	0.17521455252875456	1.2709035873413086	9.55720853805542	None	94.00022029876709	1997.8904058933258	4.944444444444445	90	0.5724663734436035	0.1346418857574463	170	32	cutpl	7105	12872
31	2960.0181658267975	0.17521748117261013	1.2778923511505127	9.713496685028076	None	100.4700858592987	2009.7034630775452	4.964705882352941	85	0.5166196823120117	0.14561200141906738	173	35	cutpl	7120	12981
32	3005.967402458191	0.17522111919888506	1.2838759422302246	9.865788698196411	None	107.50701189041138	2020.7673287391663	4.961538461538462	78	0.7050771713256836	0.11568737030029297	176	40	cutpl	7129	13079
33	3053.417550086975	0.17525514276221688	1.3238060474395752	10.003139734268188	None	114.71175861358643	2032.2711489200592	4.9868421052631575	76	0.8606979846954346	0.14561176300048828	184	42	cutpl	7146	13175
34	3124.196423768997	0.17532872352485812	1.3457436561584473	10.234328746795654	None	120.75300407409668	2066.886949300766	4.966666666666667	120	2.8962600231170654	0.15259337425231934	192	46	cutpl	7175	13325
35	3170.7539954185486	0.1754098211064404	1.3676857948303223	10.381710529327393	None	127.98341464996338	2079.05895113945	4.9743589743589745	78	0.5984029769897461	0.1545886993408203	195	19	cutpl	7188	13434
36	3214.521988391876	0.17541175639341788	1.3746633529663086	10.518072366714478	None	134.90895986557007	2089.1113209724426	5.0	72	0.8986051082611084	0.14461183547973633	199	55	cutpl	7196	13521
37	3258.9991199970245	0.17541382194532373	1.3826429843902588	10.644614219665527	None	142.30402326583862	2098.8725044727325	5.0	69	0.86971116065979	0.15462088584899902	204	57	cutpl	7203	13605
38	3302.8798809051514	0.17541494147759534	1.3886268138885498	10.769198894500732	None	149.8324511051178	2107.48593044281	5.0	67	1.0133256912231445	0.15758156776428223	210	109	cutpl	7208	13681
39	3345.3802614212036	0.17541659513917887	1.4005558490753174	10.902889966964722	None	156.22875452041626	2116.25083732605	5.0	65	0.9255671501159668	0.14561176300048828	215	101	cutpl	7214	13755
40	3386.8384602069855	0.1754178465608813	1.4055416584014893	11.020577907562256	None	163.3556845188141	2123.580288171768	5.0	61	0.5794150829315186	0.1615297794342041	217	101	cutpl	7219	13821
41	3429.6271064281464	0.17541838278422175	1.4125220775604248	11.132205486297607	None	170.6598138809204	2131.5395493507385	4.983050847457627	59	1.056175708770752	0.13061785697937012	219	104	cutpl	7224	13885
42	3471.489227294922	0.1754204510300365	1.421496868133545	11.240882396697998	None	178.72651863098145	2138.3624715805054	4.982142857142857	56	0.49866271018981934	0.13165020942687988	224	106	cutpl	7228	13946
43	3515.5225455760956	0.1754226971932049	1.4404420852661133	11.343612432479858	None	186.75516605377197	2146.035974740982	5.0	56	0.6512529850006104	0.11864852905273438	227	104	cutpl	7235	14009
44	3564.2962322235107	0.17547688904764364	1.4544038772583008	11.498060703277588	None	195.36989426612854	2158.0284085273743	4.715909090909091	88	0.550529956817627	0.10272407531738281	229	9	cutpl	7276	14120
45	3600.028699159622	0.1754775479486016	1.461388111114502	11.548861026763916	None	203.81480169296265	2161.3924334049225	4.980769230769231	26	0.523627519607544	0.09374785423278809	231	12	cutpl	7279	14148
