BendersMethod=cutpl	maxNcuts=20	tol=1e-06	gapTol=0.5	pi0Coef=0.1	timeLimit=3600	poolplus=False	LevelParam=0.01	mip=False	newn=False
1	381.816415309906	0.19369698097734392	0.1096489429473877	1.3717470169067383	None	0.0	325.5425899028778	5.717105263157895	456	2.3337955474853516	0.03586459159851074	10	2	cutpl	2999	2915
2	589.3820321559906	0.20368727628013522	0.14056634902954102	2.2457172870635986	None	0.0	514.1839506626129	5.774122807017544	456	4.0102458000183105	0.03387284278869629	30	3	cutpl	3306	4111
3	831.8695349693298	0.20870721022525004	0.17351675033569336	3.203298807144165	None	0.0	735.6736562252045	5.780701754385965	456	5.649864673614502	0.03789520263671875	55	4	cutpl	3613	5234
4	1014.1980710029602	0.21131014304244708	0.19945359230041504	4.080521821975708	None	0.0	896.6965370178223	5.857456140350878	456	4.537830829620361	0.03490447998046875	79	5	cutpl	3869	6219
5	1136.7384746074677	0.21235581051588265	0.21840476989746094	4.8505494594573975	None	0.0	1000.739556312561	5.932017543859649	456	2.976044178009033	0.03586530685424805	85	6	cutpl	4065	7024
6	1250.0515811443329	0.21262570613116913	0.23439526557922363	5.644627571105957	None	0.0	1095.2125816345215	5.932017543859649	456	4.322474479675293	0.03586983680725098	107	7	cutpl	4200	7703
7	1333.9263157844543	0.2127933836497502	0.2483961582183838	6.358980178833008	None	0.0	1157.8588769435883	5.932017543859649	456	1.7373576164245605	0.036890506744384766	111	8	cutpl	4344	8324
8	1427.3206357955933	0.21292937085639588	0.2524237632751465	7.228570222854614	None	0.0	1230.3673796653748	5.958333333333333	456	4.44611382484436	0.037859439849853516	121	9	cutpl	4436	9075
9	1475.9685826301575	0.21292937085639588	0.2524237632751465	7.974220514297485	None	0.0	1258.7045788764954	5.958333333333333	456	1.004277229309082	0.038892269134521484	178	10	cutpl	4436	9531
