BendersMethod=cutpl	maxNcuts=5	tol=1e-06	gapTol=0.5	pi0Coef=0.1	timeLimit=3600	poolplus=False	LevelParam=0.01	mip=True	newn=True
1	121.81448340415955	0.09947990303451477	0.11172199249267578	0.3784935474395752	None	0.3791687488555908	62.432024240493774	1.3236842105263158	380	0.7430164813995361	0.051859378814697266	2	2	cutpl	3456	1222
2	188.93206882476807	0.10403764487200566	0.1546776294708252	0.6971626281738281	None	0.8364689350128174	109.07021188735962	1.70125786163522	318	0.513624906539917	0.05186128616333008	15	4	cutpl	3838	1862
3	264.7733781337738	0.10765434928738238	0.2005469799041748	1.0518321990966797	None	1.3195185661315918	166.0214684009552	2.145110410094637	317	0.48067808151245117	0.0608367919921875	22	6	cutpl	4206	2559
4	339.332115650177	0.11083102816870624	0.2504541873931885	1.4429218769073486	None	1.8294801712036133	220.6912829875946	2.3322784810126582	316	0.5734386444091797	0.05684208869934082	26	8	cutpl	4515	3246
5	422.00715923309326	0.11337535615348411	0.2933788299560547	1.8522679805755615	None	2.3872761726379395	282.5324900150299	2.7899686520376177	319	0.8048486709594727	0.06087350845336914	32	12	cutpl	4800	3941
6	517.1588604450226	0.116194132753473	0.3592405319213867	2.2941815853118896	None	2.9833295345306396	355.42483139038086	3.2044025157232703	318	0.9305624961853027	0.08178567886352539	47	8	cutpl	5098	4695
7	618.5808815956116	0.11913669473653382	0.42913269996643066	2.746227264404297	None	3.683469772338867	433.25914335250854	3.6214511041009465	317	0.8048045635223389	0.06586456298828125	50	14	cutpl	5362	5443
8	712.2147586345673	0.12173460564798569	0.5009365081787109	3.1493353843688965	None	4.650465488433838	502.2158737182617	3.56794425087108	287	0.8836400508880615	0.08083462715148926	57	10	cutpl	5595	6065
9	803.9526166915894	0.1233521509775462	0.5717461109161377	3.5382959842681885	None	5.5847132205963135	568.2927963733673	3.7661870503597124	278	0.7251124382019043	0.0767974853515625	67	23	cutpl	5866	6726
10	885.9914281368256	0.12518476776313447	0.6205730438232422	3.945359468460083	None	6.645767450332642	626.9170439243317	3.6268115942028984	276	0.7350375652313232	0.07475781440734863	74	21	cutpl	6078	7354
11	978.880295753479	0.12681986390616012	0.7142677307128906	4.3722825050354	None	8.09406304359436	693.8107759952545	4.4609665427509295	269	0.9494116306304932	0.08672022819519043	77	10	cutpl	6285	7981
12	1079.4734961986542	0.12777929088716972	0.7970356941223145	4.821156740188599	None	9.795531988143921	765.118622303009	4.579150579150579	259	0.9025800228118896	0.08178162574768066	86	15	cutpl	6467	8554
13	1183.717980146408	0.12852578913455456	0.8957705497741699	5.272109031677246	None	11.952289581298828	837.849818944931	4.4903474903474905	259	1.3294482231140137	0.10172772407531738	91	20	cutpl	6637	9138
14	1272.0669367313385	0.1292924048061263	0.9686112403869629	5.708425760269165	None	14.055086851119995	896.4581387042999	4.605809128630705	241	0.856712818145752	0.08481144905090332	99	31	cutpl	6774	9644
15	1362.1961374282837	0.12979922053080767	1.106363296508789	6.100152492523193	None	16.704504251480103	953.0495684146881	4.870535714285714	224	1.0222668647766113	0.09574174880981445	103	33	cutpl	6944	10108
16	1437.516895532608	0.1302148662418024	1.177175521850586	6.498687982559204	None	19.09025764465332	998.7768046855927	4.290178571428571	224	0.7041187286376953	0.09773778915405273	107	15	cutpl	7079	10546
17	1508.6338903903961	0.13053116996742334	1.2748804092407227	6.863274335861206	None	21.869765520095825	1039.6489899158478	4.815217391304348	184	0.6602373123168945	0.09670329093933105	111	44	cutpl	7209	10911
18	1595.8807880878448	0.13095934704768344	1.3905291557312012	7.321286678314209	None	25.640656232833862	1092.3016829490662	4.327354260089686	223	0.7011265754699707	0.08879923820495605	114	35	cutpl	7372	11388
19	1684.1549451351166	0.13123954504071667	1.4882659912109375	7.759008169174194	None	29.317598342895508	1145.1793835163116	4.623430962343096	239	0.7819101810455322	0.09378814697265625	118	18	cutpl	7533	11848
20	1758.53226852417	0.13148454711863805	1.5760741233825684	8.145582675933838	None	33.49629306793213	1185.6690754890442	4.597222222222222	216	0.8736686706542969	0.07978320121765137	122	35	cutpl	7649	12223
21	1841.2183113098145	0.13175825300533078	1.676805019378662	8.561158418655396	None	38.810550928115845	1232.0568628311157	4.783783783783784	222	1.0721344947814941	0.09473848342895508	130	23	cutpl	7789	12617
22	1910.6996760368347	0.1317991804466082	1.714705228805542	8.89220666885376	None	42.74204230308533	1268.930675983429	4.7272727272727275	176	0.7818777561187744	0.10467171669006348	136	51	cutpl	7897	12911
23	1966.7628893852234	0.1318404718153078	1.7685613632202148	9.140692710876465	None	45.69919562339783	1293.3521194458008	4.764285714285714	140	0.6073791980743408	0.09175586700439453	148	52	cutpl	7978	13107
24	2016.0182926654816	0.13185231976668615	1.811485767364502	9.326236248016357	None	48.69588232040405	1312.8545219898224	4.894736842105263	114	0.8098368644714355	0.12366986274719238	154	48	cutpl	8035	13260
25	2071.4761431217194	0.131863384253634	1.844430685043335	9.544608116149902	None	52.18710994720459	1336.049243927002	4.966101694915254	118	0.72501540184021	0.11872076988220215	161	20	cutpl	8109	13430
26	2114.0404059886932	0.13186458692256792	1.861424446105957	9.679119348526001	None	54.81511950492859	1349.2554125785828	4.953846153846154	65	0.7758867740631104	0.13364267349243164	162	70	cutpl	8137	13540
27	2152.8686492443085	0.1318651573099666	1.8744101524353027	9.806938171386719	None	57.81558394432068	1358.0355207920074	4.967213114754099	61	0.5026466846466064	0.13663673400878906	169	75	cutpl	8160	13611
28	2188.0994696617126	0.13186580128466827	1.8844170570373535	9.905482530593872	None	60.889065742492676	1364.8738708496094	4.9772727272727275	44	0.662229061126709	0.11772322654724121	173	58	cutpl	8169	13665
29	2222.336982011795	0.13186660106717404	1.8973863124847412	9.986200332641602	None	64.08429956436157	1370.3640294075012	5.0	40	0.6302762031555176	0.13759565353393555	176	84	cutpl	8177	13714
30	2256.8308091163635	0.13186674106946072	1.9053027629852295	10.074888467788696	None	67.31105375289917	1375.9299530982971	5.0	41	0.4118967056274414	0.14161896705627441	185	86	cutpl	8185	13761
31	2293.3751561641693	0.13186686890299132	1.9163262844085693	10.161480903625488	None	70.69452595710754	1381.4749863147736	5.0	37	0.5694372653961182	0.1466071605682373	187	88	cutpl	8196	13811
32	2326.2702934741974	0.13193157561995497	1.945221185684204	10.231406688690186	None	74.1558940410614	1386.2447810173035	4.8125	32	0.5814418792724609	0.14760589599609375	190	90	cutpl	8204	13849
33	2361.264743566513	0.13194934411023568	1.962214708328247	10.302249670028687	None	77.18730163574219	1393.8549046516418	4.916666666666667	36	0.6343047618865967	0.14561057090759277	194	95	cutpl	8225	13901
34	2393.523544549942	0.13195487323396748	1.9711966514587402	10.358009099960327	None	79.97667169570923	1399.2322056293488	5.0	28	0.5365641117095947	0.1456129550933838	198	102	cutpl	8238	13940
35	2421.185626268387	0.13195487323396748	1.9711966514587402	10.400761127471924	None	82.7710394859314	1401.2048816680908	5.0	20	0.326099157333374	0.14860296249389648	203	112	cutpl	8238	13960
