BendersMethod=cutpl	maxNcuts=10	tol=1e-06	gapTol=0.001	pi0Coef=0.1	timeLimit=3600	poolplus=False	LevelParam=0.01	mip=False	newn=False
1	474.91276383399963	0.2006397246017388	0.09478950500488281	1.3995044231414795	None	0.0	417.83057928085327	4.833333333333333	456	5.545180559158325	0.03490424156188965	10	2	cutpl	2691	3367
2	697.9227554798126	0.2081577017111229	0.1217191219329834	2.4058115482330322	None	0.0	617.7346429824829	5.065789473684211	456	3.3011794090270996	0.034929752349853516	69	3	cutpl	3037	4850
3	814.5121650695801	0.2103154511134709	0.1347353458404541	3.2724132537841797	None	0.0	713.800657749176	5.192982456140351	456	3.2483091354370117	0.035901784896850586	86	4	cutpl	3277	5906
4	887.284674167633	0.21107107865992972	0.14766311645507812	4.141723155975342	None	0.0	767.2661607265472	5.293859649122807	456	1.922858476638794	0.03690075874328613	136	5	cutpl	3393	6593
5	963.1868660449982	0.21119419237679835	0.16266846656799316	4.932943820953369	None	0.0	820.4837911128998	5.293859649122807	456	3.4108448028564453	0.038890838623046875	139	6	cutpl	3522	7169
6	1024.9567368030548	0.21143693179376485	0.17068123817443848	5.721383333206177	None	0.0	859.0028586387634	5.300438596491228	456	3.6183316707611084	0.03793478012084961	141	7	cutpl	3605	7708
7	1072.3829894065857	0.21154912483323146	0.17470264434814453	6.5045166015625	None	0.0	886.605043888092	5.302631578947368	456	3.475710153579712	0.03886008262634277	142	8	cutpl	3618	8177
8	1108.281047821045	0.21156834004160155	0.17772960662841797	7.234518051147461	None	0.0	902.5845851898193	5.302631578947368	456	0.592458963394165	0.038933753967285156	143	9	cutpl	3621	8635
9	1145.5285031795502	0.21156834004160155	0.17772960662841797	7.959284067153931	None	0.0	919.9089748859406	5.302631578947368	456	0.7379891872406006	0.03889036178588867	144	10	cutpl	3621	9091
