BendersMethod=cutpl	maxNcuts=10	tol=1e-06	gapTol=0.5	pi0Coef=0.1	timeLimit=7200	poolplus=False	LevelParam=0.01	mip=True	newn=True
1	327.9294054508209	0.18737022034314246	0.0956583023071289	0.7527585029602051	None	0.37219667434692383	271.14374566078186	5.164456233421751	377	2.3138256072998047	0.04388117790222168	8	2	cutpl	2586	2660
2	533.2869124412537	0.19572568654671396	0.12557721138000488	1.2171707153320312	None	0.8452508449554443	454.16216111183167	6.324675324675325	308	4.487016439437866	0.07480216026306152	40	5	cutpl	2909	3555
3	698.5065608024597	0.2000077897353082	0.15549874305725098	1.6122965812683105	None	1.3433220386505127	598.0989546775818	6.43984962406015	266	3.567467451095581	0.07081031799316406	52	8	cutpl	3180	4197
4	796.568562746048	0.20146947031185103	0.16946172714233398	1.8709657192230225	None	1.8781204223632812	677.7062151432037	7.01123595505618	178	2.5511810779571533	0.08976006507873535	60	10	cutpl	3349	4628
5	850.1673624515533	0.20227886952404917	0.18237876892089844	2.073606014251709	None	2.388794183731079	713.516010761261	7.232	125	1.1229989528656006	0.08377647399902344	72	7	cutpl	3472	4932
6	907.5340933799744	0.20282347724173844	0.1953434944152832	2.2492868900299072	None	2.938518524169922	752.8127360343933	7.592920353982301	113	1.877983570098877	0.09275078773498535	79	16	cutpl	3580	5174
7	959.563068151474	0.20293583349967204	0.2063138484954834	2.4048759937286377	None	3.4926490783691406	785.4264430999756	7.153153153153153	111	1.2157528400421143	0.07582926750183105	87	15	cutpl	3702	5341
8	985.2315142154694	0.20300498573515732	0.21532535552978516	2.454796314239502	None	4.06800103187561	795.067551612854	7.027027027027027	37	1.2606334686279297	0.13164663314819336	67	16	cutpl	3733	5424
9	1016.2136883735657	0.20315945320568518	0.2193138599395752	2.5574722290039062	None	4.625056028366089	808.4178709983826	7.184615384615385	65	1.0262677669525146	0.10870909690856934	91	12	cutpl	3784	5541
ObjVal: 0.20712104814062587	ObjBnd: 0.20712104814062587	BnCTime: 39.506399393081665	No. of MIP solns: 20	BendersTime: 32.92007088661194	TotalTime: 1055.7630059719086
*ObjVal: 0.2071210481380475	ObjBnd: 0.2071210481380475	BnCTime: 31.141753435134888	No. of MIP solns: 15	BendersTime: 25.57366394996643	TotalTime: 1047.3983600139618
