BendersMethod=cutpl	maxNcuts=5	tol=1e-06	gapTol=0.5	pi0Coef=0.1	timeLimit=3600	poolplus=False	LevelParam=0.01	mip=True	newn=True
1	136.11832737922668	0.11126661995336924	0.09677004814147949	0.35736799240112305	None	0.42836928367614746	79.463613986969	1.6157894736842104	380	0.7320442199707031	0.06582307815551758	10	2	cutpl	3356	1277
2	200.3308141231537	0.11474127433357317	0.1317138671875	0.6835761070251465	None	0.8774125576019287	126.92330312728882	2.009677419354839	310	0.4418191909790039	0.06881403923034668	19	3	cutpl	3651	1863
3	267.30183815956116	0.11815791683395728	0.17160582542419434	1.0404853820800781	None	1.3518424034118652	177.3994996547699	2.0906148867313914	309	0.42984986305236816	0.0718069076538086	19	5	cutpl	3956	2516
4	335.357052564621	0.12081584863912152	0.21053338050842285	1.4126720428466797	None	1.8557507991790771	226.45910239219666	2.2483660130718954	306	0.7350339889526367	0.06885504722595215	27	5	cutpl	4289	3135
5	400.98666763305664	0.12365373007108824	0.24945569038391113	1.765909194946289	None	2.371614694595337	272.4059000015259	2.5183946488294313	299	0.5724654197692871	0.07375931739807129	48	9	cutpl	4528	3700
6	475.6382200717926	0.1268520942533643	0.3033483028411865	2.1334407329559326	None	2.9566400051116943	326.40550231933594	3.4074074074074074	270	0.7559328079223633	0.07674169540405273	54	7	cutpl	4804	4349
7	530.522581577301	0.1287789269426274	0.34427976608276367	2.4098055362701416	None	3.552913188934326	362.6053464412689	2.9210526315789473	228	0.6721720695495605	0.07579326629638672	56	15	cutpl	4970	4767
8	595.0302760601044	0.13135378780587134	0.40814709663391113	2.7276723384857178	None	4.2344865798950195	404.32466220855713	3.491228070175439	228	0.7430222034454346	0.07583475112915039	60	15	cutpl	5181	5219
9	657.9271891117096	0.1327072852549644	0.4471149444580078	3.06394100189209	None	4.987519264221191	446.4583218097687	3.020746887966805	241	0.6602747440338135	0.07683396339416504	74	6	cutpl	5296	5694
10	721.2520022392273	0.13432018461947193	0.5079500675201416	3.374955415725708	None	5.866143465042114	488.02052640914917	3.6916299559471364	227	0.6093699932098389	0.07978701591491699	87	9	cutpl	5442	6109
11	797.2339994907379	0.13566415380903674	0.5717401504516602	3.7720627784729004	None	7.103187084197998	540.105110168457	3.7019607843137257	255	0.8068456649780273	0.07974839210510254	89	14	cutpl	5596	6639
12	871.9533672332764	0.13734932919319895	0.6395158767700195	4.141838073730469	None	8.56332278251648	589.857054233551	4.282786885245901	244	0.701127290725708	0.08377766609191895	92	13	cutpl	5775	7132
13	941.7857947349548	0.13826397785681402	0.7053346633911133	4.455794095993042	None	10.003950595855713	632.9234738349915	4.114427860696518	201	0.7619326114654541	0.08377671241760254	103	12	cutpl	5904	7522
14	1018.4599623680115	0.13934096376014657	0.7751805782318115	4.841825723648071	None	11.853454828262329	682.4269361495972	4.294354838709677	248	0.6901583671569824	0.08178234100341797	111	10	cutpl	6073	7986
15	1082.1836833953857	0.14041998088309005	0.853891134262085	5.155044078826904	None	14.15050458908081	719.4412040710449	4.320388349514563	206	0.6243722438812256	0.08477377891540527	116	9	cutpl	6204	8340
16	1142.1284601688385	0.1411527823317645	0.9237411022186279	5.444203615188599	None	16.503426551818848	753.1694228649139	4.251396648044692	179	0.6193456649780273	0.08579325675964355	121	13	cutpl	6296	8660
17	1200.8814632892609	0.14172309956861714	0.9915950298309326	5.71627140045166	None	18.88956618309021	785.2976219654083	4.11731843575419	179	0.7449772357940674	0.08779525756835938	118	19	cutpl	6389	8961
18	1260.3037185668945	0.14219706644308552	1.0395071506500244	5.992825508117676	None	21.47232151031494	818.737464427948	4.196531791907514	173	0.5934164524078369	0.08875751495361328	125	22	cutpl	6466	9272
19	1318.518119096756	0.1425640693847011	1.097346544265747	6.270097494125366	None	24.317832469940186	850.3026351928711	4.512345679012346	162	0.6612372398376465	0.08873224258422852	97	28	cutpl	6548	9537
20	1378.0709869861603	0.14300063564816842	1.1671583652496338	6.544287204742432	None	26.916358470916748	881.8500852584839	4.398809523809524	168	0.9155619144439697	0.08577132225036621	101	27	cutpl	6627	9812
21	1435.0587048530579	0.1431140711054188	1.214059591293335	6.830384969711304	None	29.830643892288208	909.6820220947266	4.412121212121212	165	0.597405195236206	0.0897519588470459	108	32	cutpl	6702	10059
22	1488.2635335922241	0.14331514534851802	1.266951560974121	7.108313322067261	None	32.76643657684326	935.4203026294708	4.23125	160	0.584437370300293	0.08676815032958984	114	10	cutpl	6762	10300
23	1547.8104174137115	0.1434604785510574	1.320807933807373	7.390115737915039	None	36.4653582572937	962.6955528259277	4.3	150	0.7101032733917236	0.0957791805267334	121	34	cutpl	6818	10532
24	1605.2160041332245	0.14358118640924616	1.3757281303405762	7.660930156707764	None	40.36073088645935	987.4594080448151	4.269230769230769	156	0.5834386348724365	0.08780217170715332	124	24	cutpl	6891	10760
25	1662.7821552753448	0.14382423122385496	1.4355697631835938	7.957685947418213	None	44.02172374725342	1015.4774670600891	4.006711409395973	149	0.6811716556549072	0.08776402473449707	128	36	cutpl	6962	11013
26	1719.3808915615082	0.14393682867176713	1.4954373836517334	8.240661144256592	None	47.957042932510376	1042.1035232543945	4.441558441558442	154	0.7041182518005371	0.08876204490661621	134	28	cutpl	7025	11252
27	1781.930724620819	0.143980938278736	1.5493648052215576	8.539615392684937	None	52.403388261795044	1071.554574251175	4.291666666666667	168	0.7858974933624268	0.08879685401916504	137	8	cutpl	7093	11508
28	1840.6159257888794	0.1440080552260368	1.6181776523590088	8.836573839187622	None	56.8814537525177	1097.2659375667572	4.345911949685535	159	0.6911947727203369	0.09171772003173828	139	12	cutpl	7150	11741
29	1896.645184993744	0.14410719575636077	1.677018165588379	9.115586519241333	None	61.18371534347534	1121.5808131694794	4.3907284768211925	151	0.4986684322357178	0.08970904350280762	142	15	cutpl	7210	11953
30	1957.7368702888489	0.1442242518709946	1.741835594177246	9.423713445663452	None	67.0721709728241	1148.5263078212738	4.45625	160	0.5814440250396729	0.09275412559509277	146	16	cutpl	7280	12190
31	2013.7671275138855	0.14428529955992483	1.801673412322998	9.696924686431885	None	72.7156023979187	1170.4871032238007	4.380952380952381	147	0.7230644226074219	0.09076309204101562	150	5	cutpl	7329	12384
32	2076.2950179576874	0.14437869319266167	1.8665339946746826	10.030961751937866	None	79.03609108924866	1196.8085339069366	4.5	186	1.212721824645996	0.09371399879455566	161	7	cutpl	7405	12631
33	2136.246792078018	0.14442923362222354	1.9074265956878662	10.323156118392944	None	85.06915307044983	1221.9463520050049	4.45578231292517	147	0.8387584686279297	0.09375548362731934	165	30	cutpl	7456	12842
34	2174.4746644496918	0.14443157888112484	1.9194340705871582	10.466741800308228	None	88.44003248214722	1232.0098097324371	4.146341463414634	82	0.49766993522644043	0.09378695487976074	174	45	cutpl	7466	12941
35	2212.024310350418	0.14446290676242446	1.9523484706878662	10.604183197021484	None	91.90146231651306	1241.5926234722137	4.077922077922078	77	0.6083741188049316	0.09175491333007812	181	46	cutpl	7478	13030
36	2250.2900426387787	0.14447461330575642	1.97232985496521	10.741684436798096	None	95.68567609786987	1249.8970663547516	4.125	72	0.42686986923217773	0.09172558784484863	184	47	cutpl	7492	13116
37	2284.3929047584534	0.14447720382449025	1.9833300113677979	10.85826301574707	None	98.78526329994202	1257.203024148941	3.96875	64	0.44477272033691406	0.09574246406555176	191	48	cutpl	7498	13192
38	2317.659994840622	0.14447741765218214	1.989346981048584	10.967870473861694	None	102.35036396980286	1263.3093066215515	3.9	60	0.38497257232666016	0.09574508666992188	197	49	cutpl	7502	13259
39	2350.7545070648193	0.1444774358951355	1.9953668117523193	11.070507049560547	None	105.82821083068848	1268.999041557312	3.8793103448275863	58	0.41193079948425293	0.0957796573638916	199	50	cutpl	7504	13323
40	2387.2918577194214	0.14447756850532723	1.999391794204712	11.2239248752594	None	109.23336505889893	1277.0071196556091	3.927710843373494	83	0.416886568069458	0.0967409610748291	201	31	cutpl	7505	13417
41	2422.688259124756	0.1444810978976084	2.008366346359253	11.358480215072632	None	112.68749165534973	1284.2936444282532	3.9295774647887325	71	0.4038829803466797	0.09674286842346191	203	52	cutpl	7509	13495
42	2456.632583141327	0.1444821157081129	2.0153563022613525	11.470876693725586	None	116.330242395401	1290.3420934677124	3.896551724137931	58	0.41689491271972656	0.0987386703491211	205	53	cutpl	7515	13558
43	2490.2357256412506	0.14448616909953488	2.024379253387451	11.583426237106323	None	120.1502034664154	1296.282859325409	3.9298245614035086	57	0.3320753574371338	0.09870290756225586	207	54	cutpl	7521	13619
44	2525.007782459259	0.14448754554922472	2.031409502029419	11.702938318252563	None	123.85675835609436	1303.0622475147247	3.918032786885246	61	0.5365676879882812	0.09578204154968262	210	55	cutpl	7528	13688
45	2558.7894830703735	0.14448857626498393	2.0354368686676025	11.821461200714111	None	127.6735372543335	1309.1508767604828	3.8518518518518516	54	0.4568192958831787	0.0997016429901123	212	56	cutpl	7531	13750
46	2594.205854654312	0.14449558627259051	2.046442985534668	11.94095253944397	None	132.03084683418274	1315.5467321872711	3.890909090909091	55	0.8218021392822266	0.09773826599121094	214	57	cutpl	7535	13812
47	2628.6437644958496	0.1444959762984643	2.0514309406280518	12.056320667266846	None	135.96778273582458	1321.4744822978973	3.8214285714285716	56	0.5525271892547607	0.09670543670654297	217	58	cutpl	7539	13876
48	2662.016604423523	0.14449652627199783	2.0564565658569336	12.168870449066162	None	139.96614956855774	1326.7541913986206	3.7735849056603774	53	0.5115945339202881	0.09773945808410645	219	59	cutpl	7541	13935
49	2712.8856568336487	0.14449652627199783	2.0574042797088623	12.30338454246521	None	146.47516417503357	1333.5776810646057	3.730769230769231	52	0.7968649864196777	0.10272955894470215	221	60	cutpl	7541	13992
