BendersMethod=cutpl	maxNcuts=10	tol=1e-06	gapTol=0.5	pi0Coef=0.1	timeLimit=7200	poolplus=False	LevelParam=0.01	mip=True	newn=True
1	308.395902633667	0.19058955735280148	0.11365008354187012	0.6861753463745117	None	0.3551962375640869	253.80312061309814	6.186351706036746	381	1.9856905937194824	0.058876991271972656	10	2	cutpl	3020	2709
2	518.7860176563263	0.20051706970089284	0.14061522483825684	1.1828322410583496	None	0.7855281829833984	444.637407541275	6.85079365079365	315	5.644898414611816	0.10268020629882812	37	4	cutpl	3328	3700
3	696.1465344429016	0.20680414479203763	0.16857218742370605	1.6197471618652344	None	1.3214402198791504	598.758353471756	7.032786885245901	305	3.648231267929077	0.09474658966064453	56	7	cutpl	3646	4521
4	845.9157984256744	0.20929547532599	0.1974964141845703	2.0079708099365234	None	1.8232135772705078	726.6852445602417	7.338345864661654	266	5.238984107971191	0.08178091049194336	74	9	cutpl	3902	5172
5	981.5958340167999	0.21028133076314304	0.22243142127990723	2.362017869949341	None	2.3942534923553467	837.9657063484192	7.635922330097087	206	6.521551847457886	0.11169958114624023	93	13	cutpl	4092	5705
6	1094.282309770584	0.21162934802560823	0.2464008331298828	2.6900932788848877	None	2.9789483547210693	926.2062449455261	7.273913043478261	230	3.188462257385254	0.09469318389892578	100	17	cutpl	4337	6221
7	1228.0075364112854	0.21296445477611603	0.26933860778808594	3.0353200435638428	None	3.5519022941589355	1036.6647300720215	7.651041666666667	192	5.187124252319336	0.10475873947143555	102	22	cutpl	4514	6736
8	1350.8089861869812	0.2131094684068505	0.28928422927856445	3.3456549644470215	None	4.14232611656189	1135.632313489914	7.331521739130435	184	2.5970537662506104	0.11768269538879395	118	20	cutpl	4669	7189
9	1443.8819768428802	0.21338082023595803	0.3082709312438965	3.586733102798462	None	4.750837326049805	1206.0400168895721	7.468965517241379	145	2.6020400524139404	0.11369538307189941	129	26	cutpl	4800	7503
10	1485.3759982585907	0.2133886202506554	0.3152894973754883	3.7573485374450684	None	5.362436532974243	1225.5174570083618	7.078740157480315	127	1.1330206394195557	0.08377504348754883	128	21	cutpl	4874	7669
ObjVal: 0.21642915442740993	ObjBnd: 0.21642915442740993	BnCTime: 41.8190803527832	No. of MIP solns: 21	BendersTime: 35.648661851882935	TotalTime: 1527.259902715683
*ObjVal: 0.21642915442380822	ObjBnd: 0.21642915442380822	BnCTime: 27.718809127807617	No. of MIP solns: 14	BendersTime: 23.85218071937561	TotalTime: 1513.1596314907074
