BendersMethod=cutpl	maxNcuts=10	tol=1e-06	gapTol=0.5	pi0Coef=0.1	timeLimit=7200	poolplus=False	LevelParam=0.01	mip=True	newn=True
1	312.47464776039124	0.14357288830427528	0.15061688423156738	0.7606618404388428	None	0.4042184352874756	244.10112071037292	5.610526315789474	380	2.6269872188568115	0.050867319107055664	7	2	cutpl	3364	2763
2	512.270105600357	0.1499403086147428	0.21344208717346191	1.2623894214630127	None	0.9397590160369873	419.2761926651001	6.1044303797468356	316	6.6123456954956055	0.05784153938293457	47	4	cutpl	3730	3741
3	690.8550477027893	0.15272271065081747	0.25540661811828613	1.7193992137908936	None	1.5065412521362305	574.7641513347626	5.8431372549019605	306	9.161526441574097	0.09275484085083008	64	6	cutpl	4036	4553
4	841.7658956050873	0.1552827823029734	0.29430150985717773	2.1227571964263916	None	2.0633530616760254	703.3027451038361	6.0852713178294575	258	9.915512323379517	0.09473943710327148	84	9	cutpl	4293	5214
5	978.1035950183868	0.15715058136938828	0.33419346809387207	2.509866714477539	None	2.6380860805511475	816.3050870895386	5.962025316455696	237	6.4288318157196045	0.08377575874328613	100	11	cutpl	4520	5793
6	1113.2874355316162	0.15842040373288938	0.37212681770324707	2.913080930709839	None	3.2520618438720703	926.8165574073792	6.323770491803279	244	4.198780298233032	0.08378005027770996	105	7	cutpl	4734	6351
7	1273.7685432434082	0.1601587989384811	0.4139704704284668	3.2988739013671875	None	3.8968515396118164	1063.1235659122467	6.469026548672566	226	7.263589143753052	0.10172486305236816	117	16	cutpl	4945	6917
8	1426.890293121338	0.16141597749578976	0.4588477611541748	3.6949169635772705	None	4.5179970264434814	1189.8525602817535	6.723981900452489	221	6.3560099601745605	0.09278535842895508	120	11	cutpl	5137	7492
9	1573.3906660079956	0.16219762024256795	0.4937887191772461	4.122601509094238	None	5.180741310119629	1310.7797141075134	6.755980861244019	209	6.484662055969238	0.06886649131774902	129	21	cutpl	5315	8107
10	1685.162900686264	0.16328127830592867	0.5646331310272217	4.461609601974487	None	5.834513902664185	1395.1385157108307	6.615384615384615	182	4.026237487792969	0.08980321884155273	137	22	cutpl	5520	8546
11	1840.4236364364624	0.16478042150114286	0.6424257755279541	4.903313159942627	None	6.512148380279541	1521.611445903778	6.504854368932039	206	4.830083847045898	0.10073041915893555	138	24	cutpl	5709	9082
12	2026.6894297599792	0.1656831102971343	0.7032597064971924	5.386178731918335	None	7.181449890136719	1678.5337347984314	7.0	238	8.399534940719604	0.08078217506408691	154	18	cutpl	5915	9806
13	2158.68234539032	0.16586135365906834	0.7611443996429443	5.812906742095947	None	7.866689205169678	1780.3718936443329	7.1725888324873095	197	4.399235486984253	0.09076070785522461	163	19	cutpl	6075	10293
14	2211.7095313072205	0.16599357198774994	0.7930593490600586	6.024155616760254	None	8.623321533203125	1808.822987794876	5.931372549019608	102	2.371657133102417	0.09570932388305664	165	6	cutpl	6107	10519
15	2263.9846596717834	0.16601863811782652	0.8110284805297852	6.243184328079224	None	9.326403617858887	1836.0502474308014	6.676470588235294	68	4.3323729038238525	0.12171196937561035	167	50	cutpl	6144	10774
ObjVal: 0.17551245805250082	ObjBnd: 0.17551245805250082	BnCTime: 73.07751417160034	No. of MIP solns: 24	BendersTime: 40.841851472854614	TotalTime: 2337.1349782943726
*ObjVal: 0.17551245805262528	ObjBnd: 0.17550133480559643	BnCTime: 145.85782504081726	No. of MIP solns: 32	BendersTime: 55.922502756118774	TotalTime: 2409.9152891635895
