BendersMethod=cutpl	maxNcuts=10	tol=1e-06	gapTol=0.001	pi0Coef=0.1	timeLimit=3600	poolplus=False	LevelParam=0.01	mip=False	newn=False
1	388.4649558067322	0.12565846502524428	0.15257835388183594	1.5562803745269775	None	0.0	320.3679630756378	6.135964912280702	456	3.2193973064422607	0.03490328788757324	10	2	cutpl	3609	3560
2	622.4108176231384	0.13431408615867962	0.2433762550354004	2.8825201988220215	None	0.0	527.3937520980835	6.287280701754386	456	2.0085835456848145	0.036901235580444336	56	3	cutpl	3972	5622
3	790.6243252754211	0.13902834313074738	0.3251607418060303	4.03228497505188	None	0.0	670.2633409500122	6.296052631578948	456	3.1286399364471436	0.03693962097167969	91	4	cutpl	4293	7082
4	924.2293107509613	0.14222904293265098	0.42787837982177734	5.11521315574646	None	0.0	778.8495235443115	6.302631578947368	456	2.168156147003174	0.03885841369628906	113	5	cutpl	4607	8188
5	1078.6387465000153	0.14344123937179362	0.49469542503356934	6.385549306869507	None	0.0	908.6272346973419	6.322368421052632	456	2.387573003768921	0.038899898529052734	120	6	cutpl	4857	9514
6	1207.033614873886	0.14402374634936724	0.5425660610198975	7.471111536026001	None	0.0	1012.2280626296997	6.322368421052632	456	4.932820796966553	0.038892269134521484	144	7	cutpl	5035	10497
7	1302.131500005722	0.1443605629907631	0.5864953994750977	8.432563304901123	None	0.0	1083.7743730545044	6.322368421052632	456	2.42352294921875	0.04085063934326172	146	8	cutpl	5169	11211
8	1382.1147727966309	0.14446726488365746	0.6173779964447021	9.349986553192139	None	0.0	1139.8983278274536	6.322368421052632	456	1.8321058750152588	0.03989577293395996	158	9	cutpl	5228	11828
9	1441.5300071239471	0.1445294839480077	0.6452643871307373	10.206085920333862	None	0.0	1173.4422872066498	6.322368421052632	456	1.036186695098877	0.04092907905578613	170	10	cutpl	5264	12316
10	1503.0187349319458	0.1445697864858798	0.6572346687316895	11.07952070236206	None	0.0	1210.4004650115967	6.322368421052632	456	2.776580572128296	0.03593635559082031	174	11	cutpl	5302	12813
11	1554.8123428821564	0.14457614820829692	0.6682181358337402	11.949208974838257	None	0.0	1237.6835207939148	6.322368421052632	456	0.8128273487091064	0.04191875457763672	186	12	cutpl	5325	13274
12	1609.8851346969604	0.14457733236889986	0.6840789318084717	12.817650556564331	None	0.0	1267.4786109924316	6.322368421052632	456	0.6801443099975586	0.04188799858093262	187	13	cutpl	5348	13744
13	1662.6281986236572	0.1445773379624516	0.6880979537963867	13.639814376831055	None	0.0	1295.3301494121552	6.322368421052632	456	0.6243319511413574	0.04192328453063965	188	14	cutpl	5361	14203
14	1713.5441436767578	0.1445773379624516	0.6880979537963867	14.471058130264282	None	0.0	1321.3739941120148	6.322368421052632	456	0.44780564308166504	0.04288172721862793	193	15	cutpl	5361	14659
