BendersMethod=cutpl	maxNcuts=5	tol=1e-06	gapTol=0.5	pi0Coef=0.1	timeLimit=3600	poolplus=False	LevelParam=0.01	mip=False	newn=False
1	322.5258033275604	0.18221155714969225	0.09666991233825684	1.0983059406280518	None	0.0	269.14362812042236	3.7017543859649122	456	2.539212226867676	0.032911062240600586	8	2	cutpl	2607	2557
2	493.90759658813477	0.1887476735021099	0.12765860557556152	1.887528657913208	None	0.0	420.22329545021057	3.732456140350877	456	2.4524433612823486	0.03390812873840332	26	3	cutpl	2998	3623
3	621.5992276668549	0.19261260175885123	0.1616041660308838	2.6698718070983887	None	0.0	529.390697479248	3.745614035087719	456	3.0328919887542725	0.033908843994140625	36	4	cutpl	3228	4468
4	719.4655909538269	0.19409541369780636	0.18553829193115234	3.4402472972869873	None	0.0	608.3422799110413	3.75	456	1.3723647594451904	0.033908843994140625	43	5	cutpl	3407	5189
5	788.8431186676025	0.19509267758956605	0.20049786567687988	4.119866609573364	None	0.0	661.5201756954193	3.754385964912281	456	1.756305456161499	0.03490614891052246	54	6	cutpl	3520	5721
6	838.6848723888397	0.1952123712772772	0.21047186851501465	4.880256414413452	None	0.0	693.5116126537323	3.754385964912281	456	1.2865588665008545	0.0359034538269043	61	7	cutpl	3570	6226
7	884.1922137737274	0.19527036388757155	0.21545791625976562	5.613684892654419	None	0.0	722.244989156723	3.754385964912281	456	1.308504581451416	0.0359041690826416	64	8	cutpl	3597	6708
8	926.4891781806946	0.1952704218099162	0.2174527645111084	6.368075847625732	None	0.0	747.4625670909882	3.754385964912281	456	1.3175106048583984	0.03690075874328613	68	9	cutpl	3598	7164
9	968.359237909317	0.1952704218099162	0.2174527645111084	7.01880145072937	None	0.0	772.2123980522156	3.754385964912281	456	1.2546443939208984	0.03789663314819336	69	10	cutpl	3598	7620
