BendersMethod=cutpl	maxNcuts=5	tol=1e-06	gapTol=0.5	pi0Coef=0.1	timeLimit=3600	poolplus=False	LevelParam=0.01	mip=False	newn=True
1	249.52300381660461	0.08811884963729615	0.16254568099975586	0.6953170299530029	None	0.0	174.50512385368347	4.035087719298246	456	1.2695643901824951	0.028956890106201172	2	2	cutpl	4490	2250
2	344.2309331893921	0.09207031016031483	0.2254042625427246	1.2629952430725098	None	0.0	254.30848860740662	4.035087719298246	456	0.7809548377990723	0.026961088180541992	29	3	cutpl	4847	3202
3	433.93020606040955	0.09391058209047372	0.2872748374938965	1.846897840499878	None	0.0	328.5101146697998	4.035087719298246	456	0.7729384899139404	0.028890609741210938	37	4	cutpl	5161	4039
4	508.3373064994812	0.09545231456459256	0.3351447582244873	2.4323883056640625	None	0.0	389.9927523136139	4.035087719298246	456	0.7819156646728516	0.02895379066467285	45	5	cutpl	5379	4788
5	569.0869510173798	0.09581713352975764	0.369081974029541	3.042356491088867	None	0.0	437.3092579841614	4.035087719298246	456	0.8456997871398926	0.029920101165771484	57	6	cutpl	5523	5429
6	616.7426285743713	0.09606164687789731	0.3920600414276123	3.619978666305542	None	0.0	469.83232951164246	4.035087719298246	456	0.6053800582885742	0.029881715774536133	62	7	cutpl	5590	5938
7	663.0408535003662	0.09613773410803958	0.4040186405181885	4.210279941558838	None	0.0	502.1426980495453	4.035087719298246	456	0.7320058345794678	0.03087759017944336	68	8	cutpl	5626	6452
8	703.3052432537079	0.09618631831954401	0.41698336601257324	4.785952568054199	None	0.0	528.4516191482544	4.035087719298246	456	0.45474863052368164	0.03091287612915039	72	9	cutpl	5658	6921
9	746.3990738391876	0.09619080541407589	0.4230031967163086	5.345470666885376	None	0.0	556.9512581825256	4.035087719298246	456	0.49064111709594727	0.0318760871887207	74	10	cutpl	5679	7414
10	784.6448585987091	0.09619985620347309	0.428983211517334	5.940629482269287	None	0.0	580.1325876712799	4.035087719298246	456	0.37695908546447754	0.032944440841674805	76	11	cutpl	5692	7871
11	822.6233570575714	0.0962000760806124	0.43300652503967285	6.5073020458221436	None	0.0	603.0070743560791	4.035087719298246	456	0.380983829498291	0.032942771911621094	78	12	cutpl	5702	8328
12	861.6351363658905	0.0962000760806124	0.4340066909790039	7.119599342346191	None	0.0	625.8767735958099	4.035087719298246	456	0.3819429874420166	0.032944440841674805	80	13	cutpl	5702	8785
