BendersMethod=cutpl	maxNcuts=3	tol=1e-06	gapTol=0.5	pi0Coef=0.1	timeLimit=3600	poolplus=False	LevelParam=0.01	mip=True	newn=True
1	160.81108856201172	0.0829631562234789	0.17560100555419922	0.3105158805847168	None	0.384061336517334	84.40652894973755	1.2020997375328084	381	0.514622688293457	0.059795379638671875	2	2	cutpl	4290	1196
2	243.86405658721924	0.08651326379616738	0.22753381729125977	0.6695897579193115	None	0.833820104598999	149.35788774490356	1.9469026548672566	339	0.5046501159667969	0.06382560729980469	13	3	cutpl	4644	1881
3	325.32328391075134	0.08937092950750763	0.27744579315185547	1.019789695739746	None	1.3870820999145508	213.4395089149475	1.9074626865671642	335	0.5155870914459229	0.05884194374084473	18	5	cutpl	4949	2567
4	416.69900155067444	0.09217033625895425	0.3582327365875244	1.4069392681121826	None	2.0150928497314453	284.17045760154724	1.9969604863221884	329	0.5565123558044434	0.07483577728271484	28	7	cutpl	5288	3278
5	500.63963747024536	0.09567876680320579	0.4260993003845215	1.7598683834075928	None	3.012363910675049	348.5948030948639	2.272727272727273	297	0.5884289741516113	0.07280397415161133	37	9	cutpl	5534	3887
6	580.3495411872864	0.09776790966778054	0.49496006965637207	2.0839929580688477	None	4.093539237976074	407.079687833786	2.3385214007782102	257	0.558506965637207	0.07280302047729492	43	8	cutpl	5746	4397
7	653.4102215766907	0.09870461265826015	0.5398459434509277	2.387098550796509	None	5.34987735748291	461.3332624435425	2.4078947368421053	228	0.6482694149017334	0.08277297019958496	47	12	cutpl	5897	4867
8	720.6464731693268	0.09966787798292003	0.5877566337585449	2.656379461288452	None	6.642184019088745	506.075177192688	2.3468468468468466	222	0.6253273487091064	0.08975505828857422	51	9	cutpl	6037	5252
9	787.0917987823486	0.10071642676455124	0.630678653717041	2.9383254051208496	None	8.341135263442993	551.3448405265808	2.4339622641509435	212	0.632349967956543	0.10471963882446289	55	19	cutpl	6154	5635
10	856.4294350147247	0.10173504713824515	0.6775486469268799	3.254128932952881	None	10.5315523147583	596.309939622879	2.578723404255319	235	0.5445008277893066	0.08876466751098633	63	22	cutpl	6288	6046
11	934.5924751758575	0.10264149219285475	0.7343993186950684	3.5910439491271973	None	13.874963521957397	649.3024752140045	2.7859922178988326	257	0.5495684146881104	0.08477067947387695	68	13	cutpl	6436	6502
12	1000.324746131897	0.1037700302670735	0.7833068370819092	3.8900678157806396	None	17.04756474494934	691.4011147022247	2.808411214953271	214	0.5754566192626953	0.10471558570861816	73	15	cutpl	6547	6858
13	1075.7301597595215	0.1049751034229347	0.8491725921630859	4.201308488845825	None	21.881523847579956	739.3375177383423	2.925925925925926	216	0.4956631660461426	0.08976292610168457	75	17	cutpl	6692	7257
14	1147.6798477172852	0.1062782703293226	0.9140381813049316	4.528480529785156	None	26.892286777496338	783.3116779327393	2.915492957746479	213	0.6263282299041748	0.1116628646850586	79	18	cutpl	6803	7607
15	1225.2145295143127	0.10779094675550978	0.9749443531036377	4.8862268924713135	None	32.97108817100525	829.873019695282	2.888888888888889	243	0.5435144901275635	0.09079122543334961	82	19	cutpl	6943	8013
16	1297.7715554237366	0.10834970591579883	1.0238499641418457	5.226382732391357	None	39.317842960357666	872.712100982666	2.975845410628019	207	0.6392827033996582	0.122711181640625	87	28	cutpl	7054	8347
17	1367.9778685569763	0.10899431769461762	1.0727612972259521	5.536018371582031	None	47.53451752662659	911.1369807720184	2.9902439024390244	205	0.4767448902130127	0.12370729446411133	92	21	cutpl	7143	8660
18	1433.6562831401825	0.10934540699363457	1.1157238483428955	5.831704378128052	None	55.81121850013733	943.1758286952972	2.984771573604061	197	0.5255956649780273	0.12267446517944336	95	46	cutpl	7200	8927
19	1496.5212218761444	0.10961656931670435	1.151625156402588	6.13426399230957	None	64.5096321105957	972.8372845649719	2.9800995024875623	201	0.4508335590362549	0.10373091697692871	98	42	cutpl	7253	9181
20	1557.4065058231354	0.10979374945049712	1.1845340728759766	6.428513526916504	None	71.19715690612793	1001.0198981761932	2.883248730964467	197	0.3989725112915039	0.09273672103881836	100	24	cutpl	7311	9434
21	1613.312991142273	0.1099262351374707	1.2384586334228516	6.684295654296875	None	79.0022668838501	1023.1200435161591	2.9709302325581395	172	0.4897005558013916	0.10172510147094727	96	29	cutpl	7346	9630
22	1674.1404159069061	0.1102385533210694	1.3093087673187256	6.964941740036011	None	88.09251546859741	1049.9090960025787	2.983050847457627	177	0.5225996971130371	0.1127007007598877	103	31	cutpl	7396	9870
23	1751.931446313858	0.11042362166969755	1.3631694316864014	7.353015661239624	None	98.24733018875122	1089.514437675476	2.8823529411764706	255	0.46072816848754883	0.07280278205871582	107	8	cutpl	7511	10232
24	1811.5640277862549	0.11064556105418863	1.417036533355713	7.658254861831665	None	106.61917304992676	1115.0598220825195	3.0	179	0.5565519332885742	0.0977776050567627	108	35	cutpl	7566	10462
25	1879.2001733779907	0.11084998864391736	1.4718897342681885	8.004229307174683	None	116.87058687210083	1142.6752004623413	2.9950980392156863	204	0.48769068717956543	0.10766887664794922	111	47	cutpl	7645	10709
26	1934.866393327713	0.11093003931887446	1.5048394203186035	8.26472783088684	None	124.81818866729736	1163.1445019245148	2.843137254901961	153	0.40090441703796387	0.11073994636535645	123	64	cutpl	7673	10889
27	1995.3905951976776	0.11101149085693131	1.5317714214324951	8.557358503341675	None	133.5904140472412	1188.5279586315155	2.957055214723926	163	0.5685184001922607	0.09272122383117676	119	30	cutpl	7720	11103
28	2053.178097486496	0.11110676223442795	1.5556950569152832	8.818928003311157	None	143.42806577682495	1209.9598796367645	2.993150684931507	146	0.4618046283721924	0.14357519149780273	121	65	cutpl	7753	11281
29	2109.235202074051	0.11121985707873357	1.5716907978057861	9.056868076324463	None	153.1995599269867	1230.14231133461	3.0	136	0.5116250514984131	0.1406264305114746	125	75	cutpl	7782	11445
30	2164.620172739029	0.11126650526533896	1.5876479148864746	9.302615880966187	None	163.44835925102234	1248.549474477768	3.0	135	0.49770283699035645	0.15161991119384766	127	76	cutpl	7800	11597
31	2220.189616203308	0.11142154067029923	1.6076343059539795	9.523258447647095	None	175.15812182426453	1265.5994579792023	3.0	128	0.3679847717285156	0.15056324005126953	129	80	cutpl	7819	11743
32	2275.325216770172	0.11143169334674648	1.620598554611206	9.7747483253479	None	186.09373998641968	1282.882873058319	3.0	136	0.4457666873931885	0.13364386558532715	131	54	cutpl	7832	11890
33	2331.555852651596	0.11149992358855326	1.6326050758361816	10.008301734924316	None	197.89052963256836	1300.1461808681488	3.0	132	0.5086538791656494	0.13763809204101562	133	56	cutpl	7852	12036
34	2389.2575945854187	0.11166807680881846	1.6496038436889648	10.245195627212524	None	210.15450429916382	1318.347662448883	3.0	125	0.5066356658935547	0.15163373947143555	135	88	cutpl	7875	12186
35	2446.289169073105	0.11182906027595264	1.6675589084625244	10.488108396530151	None	222.2322416305542	1335.710723400116	2.992	125	0.41185784339904785	0.15163612365722656	137	79	cutpl	7897	12327
36	2500.573004722595	0.11194506027345097	1.691532850265503	10.708450555801392	None	234.12515377998352	1350.4928448200226	3.0	117	0.37898683547973633	0.1565403938293457	142	93	cutpl	7905	12451
37	2556.151463031769	0.11195322296476286	1.6985077857971191	10.92628788948059	None	245.7213978767395	1366.536452293396	3.0	123	0.40192604064941406	0.16053438186645508	144	67	cutpl	7918	12584
38	2611.6780123710632	0.11202318657535588	1.7155022621154785	11.133556604385376	None	258.43933963775635	1381.8449084758759	3.0	113	0.5036513805389404	0.16057085990905762	146	82	cutpl	7931	12709
39	2669.468521118164	0.11208332566597552	1.7305011749267578	11.368589639663696	None	271.5193588733673	1397.5974175930023	3.0	120	0.4168546199798584	0.14864087104797363	149	64	cutpl	7943	12839
40	2725.8517870903015	0.11217616508470639	1.7494828701019287	11.591533184051514	None	284.3475024700165	1412.849481344223	3.0	117	0.3929452896118164	0.14660906791687012	151	67	cutpl	7961	12967
41	2786.027910232544	0.1121840485528235	1.7594881057739258	11.824540853500366	None	298.1413848400116	1428.8887512683868	2.9836065573770494	122	0.3879265785217285	0.1356372833251953	153	54	cutpl	7971	13098
42	2844.7987957000732	0.11226503739707618	1.7754836082458496	12.052494287490845	None	312.27824664115906	1444.2444639205933	3.0	108	0.5046525001525879	0.14066290855407715	158	79	cutpl	7988	13223
43	2899.6342027187347	0.11231778555790163	1.7894861698150635	12.262299060821533	None	325.289888381958	1457.4149327278137	3.0	108	0.4477670192718506	0.16156482696533203	160	102	cutpl	8001	13335
44	2953.828277826309	0.11233268160962186	1.8004493713378906	12.459541320800781	None	338.7568185329437	1469.730758190155	3.0	102	0.35600924491882324	0.16356468200683594	163	103	cutpl	8006	13441
45	3010.0908670425415	0.11237868429845797	1.8223979473114014	12.66774582862854	None	352.8027150630951	1483.4744710922241	3.0	101	0.41190052032470703	0.17154908180236816	166	105	cutpl	8024	13554
46	3078.0960614681244	0.11239157040827515	1.8413879871368408	12.93332028388977	None	369.3346109390259	1503.2398881912231	3.0	141	0.43184661865234375	0.14163804054260254	169	47	cutpl	8045	13711
47	3136.5079407691956	0.11240547079912996	1.8553822040557861	13.159327745437622	None	383.79299235343933	1517.2688131332397	3.0	107	0.44377613067626953	0.16954898834228516	172	110	cutpl	8061	13825
48	3192.6667714118958	0.11247441605176073	1.872302770614624	13.371381998062134	None	398.3864405155182	1529.707104921341	3.0	98	0.4288501739501953	0.1665501594543457	176	114	cutpl	8070	13928
49	3249.3801980018616	0.11255870419176625	1.8853073120117188	13.59486436843872	None	413.41626238822937	1542.0866100788116	3.0	98	0.3988916873931885	0.16156530380249023	179	75	cutpl	8081	14032
50	3307.7152478694916	0.11256950658330038	1.8963119983673096	13.805843830108643	None	427.9350869655609	1555.8323216438293	3.0	104	0.5235610008239746	0.1257021427154541	182	58	cutpl	8093	14145
51	3366.0981209278107	0.11259022797752326	1.9113163948059082	14.013231992721558	None	443.12635350227356	1568.3464653491974	3.0	97	0.5804722309112549	0.17056870460510254	188	87	cutpl	8106	14249
52	3425.3268542289734	0.1126413990507537	1.9293091297149658	14.219432353973389	None	458.8099637031555	1581.4747188091278	3.0	95	0.5146224498748779	0.17157816886901855	191	80	cutpl	8127	14356
53	3482.62171459198	0.11266455438308084	1.9452626705169678	14.41625690460205	None	473.8303620815277	1593.9541823863983	3.0	92	0.4008829593658447	0.18048429489135742	197	57	cutpl	8138	14459
54	3540.2028901576996	0.1127673631116343	1.9731934070587158	14.6195650100708	None	489.4784119129181	1606.0852692127228	3.0	91	0.4178812503814697	0.15761828422546387	201	60	cutpl	8153	14558
55	3597.159691810608	0.11278898294889446	1.9871199131011963	14.8147292137146	None	505.29473304748535	1617.075712442398	3.0	87	0.3959043025970459	0.17354655265808105	204	104	cutpl	8163	14649
56	3634.135846376419	0.11278898294889446	1.9871199131011963	14.8147292137146	None	521.2340116500854	1617.075712442398	3.0	0	-inf	inf	207	50	cutpl	8163	14649
