BendersMethod=cutpl	maxNcuts=3	tol=1e-06	gapTol=0.5	pi0Coef=0.1	timeLimit=3600	poolplus=False	LevelParam=0.01	mip=True	newn=True
1	159.95338368415833	0.10753716478461131	0.20142221450805664	0.3091433048248291	None	0.4212632179260254	82.51095366477966	1.1649214659685865	382	0.37100815773010254	0.06582212448120117	7	2	cutpl	4322	1213
2	240.7483856678009	0.11147385078083462	0.24733567237854004	0.6304261684417725	None	0.8734290599822998	144.32013702392578	1.6479289940828403	338	0.5066444873809814	0.0738372802734375	12	4	cutpl	4597	1886
3	337.2863037586212	0.11455409812086045	0.29720282554626465	1.030588150024414	None	1.4692354202270508	222.15686082839966	2.377245508982036	334	0.5535190105438232	0.06682133674621582	18	6	cutpl	4924	2697
4	433.3564703464508	0.1182387692200966	0.3620305061340332	1.441596508026123	None	2.2393546104431152	296.38021516799927	2.461077844311377	334	0.549530029296875	0.0827789306640625	25	8	cutpl	5227	3457
5	524.4399683475494	0.12147630482114874	0.4258615970611572	1.8398182392120361	None	3.293433904647827	365.6223304271698	2.498489425981873	331	0.5076441764831543	0.06881594657897949	37	10	cutpl	5555	4146
6	621.9044106006622	0.12407420923346056	0.4886922836303711	2.272846221923828	None	4.697439670562744	438.1332504749298	2.59214501510574	331	0.6732003688812256	0.06682062149047852	46	11	cutpl	5845	4860
7	733.0452859401703	0.12804855024717604	0.5814449787139893	2.6940183639526367	None	6.563105344772339	520.019966840744	2.8536585365853657	328	0.611365556716919	0.07579827308654785	58	10	cutpl	6178	5615
8	825.6068341732025	0.13110719856878772	0.6672172546386719	3.1058948040008545	None	8.992941856384277	586.0087666511536	2.843003412969283	293	0.6193451881408691	0.06582403182983398	69	17	cutpl	6395	6201
9	915.315009355545	0.1337265711877689	0.7510635852813721	3.523043632507324	None	11.405736446380615	648.0301263332367	2.758503401360544	294	0.6881606578826904	0.09374761581420898	76	21	cutpl	6579	6769
10	1017.023106098175	0.13710794620800268	0.8537907600402832	3.9560348987579346	None	14.793037176132202	718.7030854225159	2.919254658385093	322	0.6303138732910156	0.07878947257995605	83	20	cutpl	6815	7397
11	1111.332979440689	0.13847632617337047	0.9445502758026123	4.399904012680054	None	19.005074977874756	780.4330215454102	2.929936305732484	314	0.6392912864685059	0.09175682067871094	89	17	cutpl	7016	7982
12	1193.65589761734	0.13931291620309919	1.0023961067199707	4.810856580734253	None	23.003813982009888	832.2565124034882	2.95	280	0.5605013370513916	0.11070489883422852	99	9	cutpl	7156	8465
13	1272.6836249828339	0.1397074382795562	1.0542576313018799	5.176997184753418	None	28.5433452129364	876.833153963089	2.9547169811320755	265	0.5435452461242676	0.10072994232177734	103	32	cutpl	7253	8882
14	1351.5069015026093	0.14037231543587386	1.1101441383361816	5.5729146003723145	None	35.00295543670654	920.3898022174835	2.9452554744525545	274	0.5964047908782959	0.09875106811523438	107	27	cutpl	7349	9289
15	1427.7590506076813	0.14066506342771334	1.1490750312805176	5.955019950866699	None	42.16532373428345	959.0184252262115	2.9849056603773585	265	0.6343059539794922	0.09773802757263184	114	37	cutpl	7419	9672
16	1499.0674138069153	0.14087252415988818	1.1919910907745361	6.3200764656066895	None	49.88365364074707	993.3418338298798	2.980544747081712	257	0.5495312213897705	0.11565685272216797	119	30	cutpl	7475	9992
17	1571.8458847999573	0.14112199215531115	1.2318880558013916	6.688047170639038	None	59.03519582748413	1027.359712600708	3.0	246	0.5535202026367188	0.12064361572265625	122	41	cutpl	7532	10306
18	1642.8909196853638	0.1412678602714053	1.2647995948791504	7.015029668807983	None	68.81975865364075	1058.7405326366425	3.0	235	0.5265927314758301	0.11469340324401855	127	34	cutpl	7584	10594
19	1715.5905656814575	0.14137630240069887	1.2907309532165527	7.396219491958618	None	79.04566597938538	1090.3250713348389	3.0	262	0.4837055206298828	0.10873794555664062	132	19	cutpl	7657	10896
20	1781.0615348815918	0.14152881795077452	1.3206613063812256	7.716293811798096	None	89.47147607803345	1115.3901307582855	2.9954128440366974	218	0.46276187896728516	0.1216740608215332	140	47	cutpl	7686	11134
21	1849.0896694660187	0.14161567059156885	1.344594955444336	8.035239696502686	None	100.63559007644653	1141.821949481964	2.995169082125604	207	0.46774744987487793	0.1236717700958252	145	50	cutpl	7725	11381
22	1919.3298907279968	0.1417445351760133	1.3824949264526367	8.37599492073059	None	111.77296948432922	1169.7993981838226	3.0	204	0.4747297763824463	0.12765812873840332	149	36	cutpl	7778	11640
23	1988.8420598506927	0.14185856259199803	1.4134109020233154	8.696184873580933	None	123.60598731040955	1195.9442241191864	3.0	206	0.6283204555511475	0.12267303466796875	151	52	cutpl	7812	11874
24	2057.292065143585	0.141929086201794	1.4493179321289062	9.01933741569519	None	135.62251448631287	1220.301043510437	3.0	204	0.5585038661956787	0.10671591758728027	156	56	cutpl	7848	12103
25	2127.021651983261	0.1419849773782913	1.4832282066345215	9.346381187438965	None	147.69052124023438	1244.8741261959076	3.0	187	1.4900166988372803	0.12466716766357422	160	53	cutpl	7876	12313
26	2206.7046275138855	0.14207095783629395	1.516141414642334	9.660703182220459	None	162.58980870246887	1269.9366610050201	3.0	189	0.744009256362915	0.1416184902191162	166	53	cutpl	7912	12526
27	2276.8820719718933	0.14221630288599552	1.5570712089538574	9.951958179473877	None	175.09183621406555	1293.1076028347015	3.0	179	0.5355684757232666	0.1376354694366455	171	59	cutpl	7965	12731
28	2349.687867641449	0.14228289522423415	1.5929782390594482	10.29306960105896	None	185.784508228302	1320.5668272972107	2.8057142857142856	175	0.8277909755706787	0.12665915489196777	174	37	cutpl	8016	12954
29	2420.1475632190704	0.14256330523866273	1.6638247966766357	10.584243774414062	None	198.26194596290588	1346.7451679706573	2.9873417721518987	158	0.5495314598083496	0.12167525291442871	171	52	cutpl	8072	13170
30	2495.336622953415	0.1426783717821205	1.7097387313842773	10.951465129852295	None	210.87510514259338	1374.546679019928	3.0	222	0.5046525001525879	0.11170148849487305	177	47	cutpl	8151	13457
31	2562.337557554245	0.14276576052127238	1.7516260147094727	11.262435913085938	None	223.6280059814453	1396.9244582653046	3.0	188	0.4766883850097656	0.1077117919921875	181	54	cutpl	8204	13687
32	2627.1663002967834	0.14287812303027633	1.797506332397461	11.544340372085571	None	236.7328736782074	1417.466466665268	3.0	167	0.4906890392303467	0.11273431777954102	187	55	cutpl	8245	13888
33	2690.2157957553864	0.142982778625405	1.8184518814086914	11.817405700683594	None	249.2754044532776	1437.037147283554	3.0	165	0.4138946533203125	0.11469197273254395	189	54	cutpl	8272	14078
34	2753.7639582157135	0.14305942375130415	1.8593463897705078	12.079788446426392	None	261.9292325973511	1456.7413935661316	3.0	162	0.463761568069458	0.11469292640686035	177	56	cutpl	8311	14260
35	2818.7542691230774	0.1430863565796096	1.8962559700012207	12.339141607284546	None	275.5318458080292	1474.790822982788	3.0	153	0.43782901763916016	0.11466145515441895	182	72	cutpl	8334	14431
36	2885.876878976822	0.1431474881906971	1.9231858253479004	12.620378732681274	None	290.17798614501953	1492.8954458236694	2.9870967741935486	155	0.5485320091247559	0.14461541175842285	191	79	cutpl	8359	14600
37	2951.708937883377	0.14321065797649485	1.9591245651245117	12.881739616394043	None	304.2458996772766	1511.6700701713562	3.0	143	0.5186116695404053	0.12865662574768066	182	65	cutpl	8387	14768
38	3018.0685873031616	0.14327313859850002	1.9930012226104736	13.136079788208008	None	318.81233954429626	1530.2382135391235	3.0	144	0.5166192054748535	0.14859223365783691	183	83	cutpl	8420	14935
39	3086.1875352859497	0.14331365977921912	2.0139434337615967	13.390591144561768	None	334.0740213394165	1548.3655652999878	3.0	145	0.4607694149017334	0.14464879035949707	185	67	cutpl	8453	15095
40	3150.260297060013	0.14335097736672947	2.032897472381592	13.63985013961792	None	349.4005010128021	1563.7637951374054	3.0	131	0.5086395740509033	0.14561104774475098	159	81	cutpl	8469	15237
41	3214.5824258327484	0.1433807151024309	2.058839797973633	13.883161783218384	None	364.1735911369324	1579.515506029129	3.0	131	0.5445435047149658	0.12765860557556152	163	66	cutpl	8496	15378
42	3278.562438249588	0.14342409505176543	2.088762044906616	14.102581977844238	None	379.3615891933441	1595.6742825508118	3.0	129	0.48370814323425293	0.13065004348754883	166	68	cutpl	8528	15526
43	3340.399140357971	0.1434457270648806	2.116687536239624	14.31101655960083	None	394.34687638282776	1609.691757440567	3.0	123	0.41585612297058105	0.14262151718139648	169	71	cutpl	8542	15659
44	3403.2481722831726	0.14345732624005914	2.143615484237671	14.528419971466064	None	409.2782669067383	1624.2038941383362	3.0	121	0.5874288082122803	0.12067770957946777	172	65	cutpl	8559	15791
45	3467.9831976890564	0.14346436101970778	2.1576147079467773	14.769664525985718	None	424.7132911682129	1639.7443263530731	3.0	129	0.5605032444000244	0.11369562149047852	187	54	cutpl	8590	15932
46	3527.9449121952057	0.1434823767072553	2.179593801498413	14.966053247451782	None	440.02131700515747	1652.3774075508118	3.0	106	0.5624973773956299	0.15163207054138184	177	99	cutpl	8606	16050
47	3586.609126806259	0.14350709216297172	2.195598602294922	15.158527851104736	None	455.5013473033905	1663.890328168869	3.0	99	0.5624990463256836	0.14062261581420898	180	56	cutpl	8621	16157
48	3624.17174077034	0.14350709216297172	2.195598602294922	15.158527851104736	None	470.6460976600647	1663.890328168869	3.0	0	-inf	inf	182	101	cutpl	8621	16157
