BendersMethod=cutpl	maxNcuts=10	tol=1e-06	gapTol=1.0	pi0Coef=0.1	timeLimit=3600	poolplus=False	LevelParam=0.01	mip=False	newn=False
1	245.77814173698425	0.0912960875543429	0.16459989547729492	1.108142375946045	None	0.0	176.4249289035797	6.548245614035087	456	1.2196846008300781	0.03490567207336426	2	2	cutpl	4031	2464
2	363.66508388519287	0.09778653343908329	0.2544090747833252	1.9812562465667725	None	0.0	274.62744903564453	6.592105263157895	456	1.5139060020446777	0.03590559959411621	34	3	cutpl	4428	3633
3	466.72764253616333	0.1021609466268329	0.3471524715423584	2.797788619995117	None	0.0	357.350209236145	6.62719298245614	456	1.1190085411071777	0.036865949630737305	54	4	cutpl	4787	4631
4	585.7715361118317	0.10509753886322999	0.4239842891693115	3.814727544784546	None	0.0	456.6366515159607	6.62719298245614	456	1.960759162902832	0.03690457344055176	63	5	cutpl	5086	5760
5	686.6389138698578	0.10727650381991431	0.502814769744873	4.7406675815582275	None	0.0	536.970698595047	6.62719298245614	456	1.1519763469696045	0.03789806365966797	73	6	cutpl	5333	6695
6	790.0625472068787	0.10893544754752656	0.5995140075683594	5.6587419509887695	None	0.0	617.8687677383423	6.62719298245614	456	1.8211324214935303	0.037932634353637695	74	7	cutpl	5572	7557
7	898.8313415050507	0.11018630403142468	0.6863234043121338	6.590577840805054	None	0.0	703.110116481781	6.629385964912281	456	2.1716561317443848	0.038892269134521484	82	8	cutpl	5821	8464
8	1012.1245152950287	0.11161215095055807	0.7969844341278076	7.570350885391235	None	0.0	792.5963962078094	6.631578947368421	456	1.6266558170318604	0.03794217109680176	117	9	cutpl	6052	9385
9	1117.2466139793396	0.11226438616957703	0.8847465515136719	8.517021417617798	None	0.0	874.382274389267	6.6381578947368425	456	1.9787118434906006	0.03889632225036621	118	10	cutpl	6262	10232
10	1200.086175918579	0.11293340658799757	0.9595496654510498	9.364832878112793	None	0.0	933.7589983940125	6.6381578947368425	456	1.7025032043457031	0.03789973258972168	129	11	cutpl	6399	10898
11	1279.8609745502472	0.1131943195598251	1.0044238567352295	10.252211570739746	None	0.0	990.6803019046783	6.6381578947368425	456	1.424238681793213	0.03985238075256348	136	12	cutpl	6535	11552
12	1359.6667306423187	0.11336054565639613	1.0363786220550537	11.177274227142334	None	0.0	1046.352975845337	6.6381578947368425	456	2.013617992401123	0.03893399238586426	142	13	cutpl	6633	12202
13	1437.3570551872253	0.11339938068917826	1.0792200565338135	12.108712196350098	None	0.0	1099.2820618152618	6.6381578947368425	456	1.5548467636108398	0.03992915153503418	150	14	cutpl	6746	12882
14	1496.3304455280304	0.11344219214589368	1.1041505336761475	12.946528911590576	None	0.0	1134.395779132843	6.6381578947368425	456	1.5798275470733643	0.04092764854431152	162	15	cutpl	6786	13399
15	1561.388572692871	0.11344979610759512	1.1221299171447754	13.828006029129028	None	0.0	1175.4395542144775	6.6381578947368425	456	1.6136858463287354	0.040889739990234375	164	16	cutpl	6844	13953
16	1611.629301071167	0.11344982971073068	1.128147840499878	14.641339302062988	None	0.0	1201.725487947464	6.6381578947368425	456	0.9594995975494385	0.040889739990234375	166	17	cutpl	6857	14420
17	1660.696167230606	0.11347730389415238	1.143148422241211	15.455413103103638	None	0.0	1226.4447326660156	6.6381578947368425	456	0.36801815032958984	0.04192709922790527	167	18	cutpl	6858	14876
18	1709.769019126892	0.11347863219511399	1.1551148891448975	16.292850971221924	None	0.0	1250.6074004173279	6.6381578947368425	456	0.3759946823120117	0.0438385009765625	168	19	cutpl	6859	15334
19	1758.0898761749268	0.11347863219511399	1.1551148891448975	17.127235651016235	None	0.0	1274.385824918747	6.6381578947368425	456	0.3590400218963623	0.04384660720825195	169	20	cutpl	6859	15790
