BendersMethod=cutpl	maxNcuts=3	tol=1e-06	gapTol=0.5	pi0Coef=0.1	timeLimit=3600	poolplus=False	LevelParam=0.01	mip=True	newn=True
1	153.04509949684143	0.17237226564624433	0.07678985595703125	0.32160139083862305	None	0.3622555732727051	102.15503144264221	1.2913385826771653	381	5.511207342147827	0.06380033493041992	10	2	cutpl	2558	1159
2	253.31919479370117	0.18339436997850664	0.10870099067687988	0.6484251022338867	None	0.8131115436553955	185.14349555969238	1.896774193548387	310	1.232712745666504	0.07779359817504883	28	4	cutpl	2829	1772
3	351.86390924453735	0.19040158812818292	0.13163518905639648	0.9680328369140625	None	1.3447840213775635	265.2984149456024	2.081699346405229	306	1.2247302532196045	0.06585860252380371	30	6	cutpl	3128	2387
4	458.5259339809418	0.1960456228587177	0.160597562789917	1.342174768447876	None	2.1890172958374023	349.65780806541443	2.501618122977346	309	1.6047136783599854	0.08380913734436035	37	6	cutpl	3439	3016
5	568.4392740726471	0.20212069091451632	0.18855905532836914	1.6836166381835938	None	2.9615135192871094	440.4797728061676	2.596026490066225	302	2.2589669227600098	0.07878994941711426	42	10	cutpl	3683	3577
6	668.9118382930756	0.20524635978747463	0.2145237922668457	2.001999616622925	None	4.2214295864105225	520.2633221149445	2.7306397306397305	297	1.2416837215423584	0.07675457000732422	50	9	cutpl	3915	4155
7	754.4493036270142	0.20631880102726116	0.23847198486328125	2.2694382667541504	None	5.406418085098267	585.6638343334198	2.767634854771784	241	1.5528955459594727	0.08481121063232422	55	16	cutpl	4064	4575
8	826.2843790054321	0.20776580586326387	0.26041102409362793	2.5096893310546875	None	6.994675159454346	636.4658095836639	2.836206896551724	232	2.044538974761963	0.0857689380645752	59	18	cutpl	4225	4941
9	895.2162523269653	0.20863646398431004	0.276400089263916	2.7470993995666504	None	8.735662698745728	684.7982156276703	2.8181818181818183	220	1.2615911960601807	0.0848090648651123	64	20	cutpl	4344	5254
10	954.5087969303131	0.2094733875843791	0.29541850090026855	2.9556429386138916	None	10.513957023620605	722.6133415699005	2.990049751243781	201	0.9544477462768555	0.09071707725524902	69	24	cutpl	4459	5569
11	1007.2857904434204	0.20973243876638398	0.30838441848754883	3.153212308883667	None	12.734227180480957	753.599883556366	2.9782608695652173	184	1.5039865970611572	0.08481454849243164	71	25	cutpl	4555	5816
12	1045.6622602939606	0.20987737935971418	0.32039499282836914	3.299650192260742	None	15.032781600952148	770.4322323799133	2.9854014598540144	137	0.42782163619995117	0.08577656745910645	77	24	cutpl	4585	5998
13	1085.7830681800842	0.21004757713329075	0.33339595794677734	3.4723868370056152	None	17.836570978164673	789.4700956344604	3.0	144	0.7569377422332764	0.0957026481628418	81	26	cutpl	4639	6184
14	1127.3789327144623	0.21015071765217136	0.34641528129577637	3.618093252182007	None	20.47563600540161	810.6521697044373	3.0	120	1.135967493057251	0.09868454933166504	87	28	cutpl	4676	6331
15	1160.5014395713806	0.2103713325582588	0.3554267883300781	3.7298717498779297	None	23.264915943145752	823.0974595546722	2.98989898989899	99	1.4671311378479004	0.09678363800048828	91	29	cutpl	4698	6443
16	1190.248997926712	0.2104728609632677	0.3644371032714844	3.8307361602783203	None	26.223804235458374	832.4220523834229	3.0	83	0.3889172077178955	0.10373044013977051	93	46	cutpl	4724	6542
17	1221.4485993385315	0.21056158115557083	0.37344789505004883	3.930544376373291	None	29.07732915878296	843.0436844825745	3.0	85	0.8108327388763428	0.10272717475891113	96	30	cutpl	4763	6640
18	1248.2729218006134	0.2106041082596843	0.38350605964660645	4.003506660461426	None	32.01720428466797	850.0152027606964	3.0	63	0.4886448383331299	0.10471081733703613	98	29	cutpl	4783	6709
19	1273.7109475135803	0.21061594254677254	0.3865358829498291	4.0624284744262695	None	35.066482067108154	855.3357229232788	3.0	50	0.48969173431396484	0.10775136947631836	85	40	cutpl	4793	6763
20	1297.038610458374	0.2106301938779542	0.3905603885650635	4.109269618988037	None	38.15400958061218	859.6428439617157	3.0	40	0.48470544815063477	0.11768341064453125	86	54	cutpl	4802	6806
21	1321.2030403614044	0.2106368535453203	0.3956000804901123	4.168186187744141	None	41.31565856933594	864.1802449226379	3.0	47	0.4258558750152588	0.10974431037902832	101	59	cutpl	4816	6855
22	1344.251454114914	0.21065982805404593	0.3995850086212158	4.209251880645752	None	44.59550976753235	867.5708889961243	3.0	32	0.6073837280273438	0.1177225112915039	91	61	cutpl	4820	6888
23	1366.8879628181458	0.21066620140664577	0.4036126136779785	4.248157739639282	None	47.80844068527222	870.9437787532806	3.0	32	0.3969395160675049	0.12367081642150879	95	60	cutpl	4824	6921
24	1389.245266199112	0.21066659880940727	0.4066004753112793	4.2851057052612305	None	51.06253266334534	873.7970139980316	3.0	32	0.17349863052368164	0.12267065048217773	98	33	cutpl	4828	6953
25	1411.259433746338	0.21068276345066542	0.4115910530090332	4.317050933837891	None	54.334940910339355	876.9682259559631	3.0	25	0.5873947143554688	0.1266629695892334	100	67	cutpl	4833	6980
26	1462.9672274589539	0.2106871022298857	0.41657304763793945	4.509573936462402	None	57.876622676849365	902.0631535053253	2.936936936936937	111	1.2646229267120361	0.12067437171936035	103	12	cutpl	4904	7161
27	1511.1245465278625	0.21071898035800307	0.42354655265808105	4.561351299285889	None	65.22585725784302	908.0820517539978	3.0	20	1.5398871898651123	0.30817246437072754	106	72	cutpl	4906	7182
28	1544.0077180862427	0.21073454057132834	0.42850399017333984	4.600256443023682	None	69.48786449432373	912.5779886245728	3.0	25	0.6732008457183838	0.13563871383666992	109	35	cutpl	4914	7210
29	1569.9523434638977	0.2107367379043936	0.4325270652770996	4.626226425170898	None	73.71650004386902	914.4109699726105	3.0	17	0.19148969650268555	0.15558147430419922	112	88	cutpl	4915	7227
30	1595.532990694046	0.21073777381036551	0.4365525245666504	4.65220832824707	None	77.89282512664795	916.5471663475037	3.0	16	0.34005212783813477	0.15857625007629395	115	91	cutpl	4918	7245
31	1621.4168226718903	0.2107535076216918	0.44156813621520996	4.676074266433716	None	81.93566250801086	919.2827894687653	3.0	18	0.7070701122283936	0.16460061073303223	118	73	cutpl	4923	7264
32	1644.1331610679626	0.21076267782300967	0.4455890655517578	4.697066307067871	None	85.55282926559448	921.5981962680817	3.0	16	0.6014032363891602	0.1406247615814209	121	70	cutpl	4926	7281
33	1667.6053998470306	0.2107680758816744	0.45053648948669434	4.720961570739746	None	89.09813928604126	924.8912715911865	3.0	18	0.6113331317901611	0.12569689750671387	125	38	cutpl	4933	7303
34	1688.8077454566956	0.21078597215388883	0.4545590877532959	4.743926525115967	None	92.45208072662354	927.0311751365662	3.0	17	0.4876995086669922	0.1326465606689453	129	62	cutpl	4939	7320
35	1708.1520931720734	0.2107860096662415	0.45654821395874023	4.7618560791015625	None	95.71536445617676	928.2738137245178	3.0	13	0.2752256393432617	0.128662109375	130	64	cutpl	4941	7334
36	1727.2460310459137	0.2107860096662415	0.457507848739624	4.772837162017822	None	99.02232480049133	929.1065299510956	3.0	10	0.15852642059326172	0.13863182067871094	132	114	cutpl	4941	7344
