BendersMethod=cutpl	maxNcuts=3	tol=1e-06	gapTol=0.5	pi0Coef=0.1	timeLimit=3600	poolplus=False	LevelParam=0.01	mip=True	newn=True
1	158.28703379631042	0.10522618936117552	0.1396622657775879	0.3465864658355713	None	0.37217140197753906	88.09262275695801	1.230971128608924	381	0.6143572330474854	0.06286478042602539	6	2	cutpl	3744	1218
2	239.8580195903778	0.11072324811729099	0.1815507411956787	0.6499791145324707	None	0.8113234043121338	153.4539794921875	1.8693009118541033	329	0.5777931213378906	0.06383013725280762	12	3	cutpl	4077	1874
3	329.0945653915405	0.1158301118670397	0.2334461212158203	1.0239505767822266	None	1.3260018825531006	225.01119470596313	2.255255255255255	333	0.4697437286376953	0.061795949935913086	21	5	cutpl	4397	2575
4	421.16354179382324	0.11939988585597798	0.3052210807800293	1.361260175704956	None	1.9820146560668945	295.554735660553	2.2079510703363914	327	0.60235595703125	0.07484102249145508	26	6	cutpl	4690	3244
5	507.95063376426697	0.12236262074051628	0.3600742816925049	1.7044317722320557	None	2.879878044128418	360.3809771537781	2.4411764705882355	306	0.7430133819580078	0.08080911636352539	31	9	cutpl	4929	3819
6	597.8185184001923	0.12458264306225963	0.41492271423339844	2.0337023735046387	None	4.14762544631958	429.2711534500122	2.6546762589928057	278	0.6692118644714355	0.08975982666015625	37	13	cutpl	5158	4394
7	688.8063099384308	0.12766888322872003	0.49175548553466797	2.3628649711608887	None	5.88335108757019	496.66397285461426	2.8450704225352115	284	0.7001280784606934	0.07978487014770508	45	12	cutpl	5389	4954
8	768.9281809329987	0.12965247054993878	0.5655219554901123	2.676132917404175	None	7.562507629394531	551.6139681339264	2.721774193548387	248	0.6592371463775635	0.08577203750610352	54	11	cutpl	5581	5417
9	842.4646489620209	0.13079919939394705	0.6234021186828613	2.9527995586395264	None	9.327525854110718	602.7846105098724	2.6363636363636362	231	0.538560152053833	0.0917510986328125	62	17	cutpl	5715	5860
10	915.2640883922577	0.13157013911323048	0.7062177658081055	3.2237775325775146	None	11.765522718429565	649.0563895702362	2.7136563876651985	227	0.7111005783081055	0.09873604774475098	69	14	cutpl	5915	6248
11	983.502717256546	0.1321876755525579	0.7411270141601562	3.557767152786255	None	13.687010288238525	693.6862213611603	2.3865248226950353	282	0.6702086925506592	0.08972668647766113	76	13	cutpl	6036	6686
12	1055.3726403713226	0.13318873655082272	0.8009660243988037	3.8815596103668213	None	17.58966851234436	740.6276664733887	2.8727272727272726	220	0.5853979587554932	0.09969687461853027	81	20	cutpl	6146	7071
13	1126.96231007576	0.13374658098783104	0.8518643379211426	4.236729383468628	None	21.786272525787354	784.7923996448517	2.831460674157303	267	0.5575087070465088	0.09675359725952148	92	7	cutpl	6272	7459
14	1202.7647292613983	0.13432391002691754	0.9067256450653076	4.542758226394653	None	27.644697666168213	829.2757918834686	2.928	250	0.602391242980957	0.10169434547424316	98	10	cutpl	6389	7834
15	1262.3045995235443	0.13481458294526596	0.9456226825714111	4.8019115924835205	None	33.55409836769104	860.3237807750702	2.935960591133005	203	0.49268341064453125	0.10572004318237305	105	20	cutpl	6446	8097
16	1324.9113147258759	0.13504017373225705	0.9715538024902344	5.070172548294067	None	40.13963866233826	892.9935073852539	2.9901960784313726	204	0.5784158706665039	0.11273670196533203	110	23	cutpl	6504	8369
17	1385.3098948001862	0.13551873540472362	1.009493350982666	5.316204786300659	None	47.61692833900452	922.6814534664154	2.9946236559139785	186	0.5395586490631104	0.12662792205810547	115	41	cutpl	6554	8614
18	1448.5269105434418	0.1363548393008516	1.0503830909729004	5.579481601715088	None	55.40742373466492	953.6083722114563	2.994764397905759	191	0.5505306720733643	0.13266372680664062	124	26	cutpl	6608	8865
19	1522.8682272434235	0.13684272255328256	1.0872838497161865	5.889714479446411	None	63.93562984466553	992.8796620368958	2.9957627118644066	236	0.5634946823120117	0.10671424865722656	128	23	cutpl	6703	9181
20	1585.287409543991	0.13731732958168347	1.1201963424682617	6.158891916275024	None	72.75512456893921	1021.3042411804199	3.0	184	0.5265917778015137	0.12865376472473145	138	15	cutpl	6754	9410
21	1647.639767408371	0.1375804462303773	1.1441354751586914	6.4184629917144775	None	81.44859218597412	1050.0519499778748	2.99438202247191	178	0.5265927314758301	0.1376659870147705	146	41	cutpl	6805	9640
22	1710.8777613639832	0.13793865002969083	1.171065330505371	6.689501047134399	None	91.02206826210022	1078.0893278121948	2.994186046511628	172	0.5694780349731445	0.14261674880981445	154	43	cutpl	6859	9856
23	1772.0353133678436	0.1381715249715839	1.2019932270050049	6.941426515579224	None	100.88809657096863	1103.5737206935883	2.9940828402366866	169	0.5594666004180908	0.1306142807006836	157	30	cutpl	6898	10065
24	1834.7157952785492	0.13843453810171708	1.2278833389282227	7.19756293296814	None	111.03595733642578	1130.14470744133	2.9941520467836256	171	0.5924177169799805	0.1426553726196289	161	45	cutpl	6938	10273
25	1897.1549243927002	0.1386953204885	1.2508621215820312	7.444928169250488	None	121.33896398544312	1156.2040338516235	3.0	160	0.5385239124298096	0.13962721824645996	164	47	cutpl	6973	10473
26	1957.710084438324	0.13904828407519113	1.2778246402740479	7.688880681991577	None	132.1912043094635	1179.5113689899445	2.99375	160	0.5156567096710205	0.1336064338684082	168	32	cutpl	6998	10661
27	2019.2216908931732	0.13930008954229728	1.307779312133789	7.942923545837402	None	142.94937348365784	1203.317099571228	3.0	159	0.5704748630523682	0.13962650299072266	171	37	cutpl	7039	10848
28	2081.175116300583	0.1394700394265917	1.3417212963104248	8.186008214950562	None	154.2172656059265	1226.6903324127197	2.9935897435897436	156	0.5016982555389404	0.13164830207824707	173	34	cutpl	7077	11032
29	2142.011529445648	0.13959035598130218	1.3656556606292725	8.425379276275635	None	165.51040315628052	1248.8433816432953	2.993377483443709	151	0.5146253108978271	0.11273574829101562	176	23	cutpl	7111	11211
30	2206.459326028824	0.1398092961037398	1.3866000175476074	8.682376861572266	None	177.7334394454956	1272.574806690216	2.9935897435897436	156	0.5445101261138916	0.1346418857574463	136	38	cutpl	7142	11390
31	2268.302008152008	0.13991474065378495	1.4065485000610352	8.924271821975708	None	189.8562695980072	1294.033845424652	2.9932432432432434	148	0.5345723628997803	0.13065147399902344	179	57	cutpl	7174	11558
32	2326.820652484894	0.1400754976474024	1.431520700454712	9.149176359176636	None	201.9002468585968	1312.6502273082733	3.0	140	0.5216038227081299	0.14965009689331055	145	45	cutpl	7192	11705
33	2390.4994554519653	0.1401551440797029	1.458486557006836	9.413278102874756	None	213.9749002456665	1333.748337984085	2.9874213836477987	159	0.5286221504211426	0.10970354080200195	148	25	cutpl	7225	11881
34	2450.5558907985687	0.14030067686217196	1.4884438514709473	9.630445957183838	None	226.25432205200195	1353.3359489440918	2.970149253731343	134	0.5405678749084473	0.11764764785766602	150	42	cutpl	7257	12031
35	2509.12437415123	0.14038869920621877	1.5084247589111328	9.85057806968689	None	239.24715399742126	1370.7832009792328	2.992063492063492	126	0.5175774097442627	0.1475675106048584	155	63	cutpl	7280	12170
36	2570.5341894626617	0.14054494809264237	1.5413706302642822	10.079663515090942	None	252.36514544487	1390.2431364059448	2.9925925925925925	135	0.5295848846435547	0.14660882949829102	158	54	cutpl	7314	12325
37	2631.8283541202545	0.140639834792058	1.5693347454071045	10.320303201675415	None	265.0862605571747	1408.3788170814514	2.9921875	128	0.5535545349121094	0.15455365180969238	160	67	cutpl	7338	12464
38	2690.0427470207214	0.14068396468275013	1.5852923393249512	10.540322303771973	None	277.95821595191956	1425.0035710334778	2.975609756097561	123	0.5126276016235352	0.15359187126159668	165	56	cutpl	7354	12599
39	2748.76478600502	0.14075894382238802	1.6092286109924316	10.74561071395874	None	291.2307639122009	1441.9981949329376	2.9913793103448274	116	0.5076780319213867	0.1555490493774414	168	58	cutpl	7381	12732
40	2811.521074771881	0.14080686404661166	1.633206844329834	10.98990774154663	None	304.5552725791931	1461.2472336292267	2.99290780141844	141	0.5814099311828613	0.11864352226257324	171	44	cutpl	7411	12883
41	2869.610766887665	0.1408632006240864	1.655146837234497	11.187124967575073	None	318.35706877708435	1476.8755304813385	2.9906542056074765	107	0.5375633239746094	0.16751432418823242	179	75	cutpl	7430	13005
42	2928.955139875412	0.14092035755769164	1.680079460144043	11.38142204284668	None	332.3195152282715	1492.9529411792755	2.9909090909090907	110	0.6094057559967041	0.16455864906311035	185	77	cutpl	7452	13127
43	2985.9787192344666	0.1409725742742865	1.7050096988677979	11.55987000465393	None	346.1519184112549	1506.995839357376	2.9904761904761905	105	0.5206069946289062	0.16256475448608398	188	79	cutpl	7469	13241
44	3042.569453716278	0.14104459450437115	1.7349326610565186	11.735219955444336	None	359.9401128292084	1519.8707609176636	2.989247311827957	93	0.5485341548919678	0.1655597686767578	191	81	cutpl	7485	13342
45	3100.661208152771	0.14107251440358654	1.7568707466125488	11.926337957382202	None	374.1691999435425	1534.6892275810242	2.9711538461538463	104	0.5175786018371582	0.10671472549438477	194	18	cutpl	7507	13455
46	3155.9444053173065	0.14108784917938838	1.7688379287719727	12.086851358413696	None	388.3210325241089	1547.1484265327454	2.9775280898876404	89	0.5305798053741455	0.11565518379211426	197	20	cutpl	7524	13550
47	3209.7166731357574	0.1411136918508377	1.7868258953094482	12.251203298568726	None	402.6458921432495	1558.546355009079	2.9753086419753085	81	0.5186502933502197	0.17050719261169434	202	21	cutpl	7537	13641
48	3261.623964548111	0.14114765609198815	1.801786184310913	12.390583038330078	None	416.83718085289	1568.4116370677948	2.9726027397260273	73	0.5236008167266846	0.11572575569152832	208	25	cutpl	7551	13719
49	3313.2399566173553	0.14118345154016024	1.816746473312378	12.523277044296265	None	431.3191885948181	1577.8767828941345	2.9857142857142858	70	0.527590274810791	0.1825101375579834	211	91	cutpl	7559	13794
50	3367.087066411972	0.14125272577231432	1.8346984386444092	12.676807641983032	None	445.70254468917847	1588.9145979881287	2.9156626506024095	83	0.5245614051818848	0.09178948402404785	217	37	cutpl	7571	13883
51	3417.3566558361053	0.14128227492169781	1.84769868850708	12.800397872924805	None	460.3450860977173	1597.4414463043213	2.9838709677419355	62	0.5295848846435547	0.18051719665527344	210	95	cutpl	7578	13952
52	3469.2818624973297	0.14136354440398977	1.876657247543335	12.913047313690186	None	475.41472029685974	1606.7749030590057	2.9833333333333334	60	0.5675210952758789	0.16053438186645508	221	72	cutpl	7594	14021
53	3525.5773854255676	0.14146907282552088	1.9035484790802002	13.078579187393188	None	489.8943781852722	1619.186396598816	2.988372093023256	86	0.5395596027374268	0.10276579856872559	222	36	cutpl	7614	14115
54	3581.01224565506	0.1415376797209399	1.9244921207427979	13.241201162338257	None	504.56075739860535	1630.5916159152985	2.988372093023256	86	0.6692094802856445	0.15757989883422852	225	72	cutpl	7627	14205
55	3616.353744029999	0.1415376797209399	1.9254541397094727	13.241201162338257	None	519.2504639625549	1630.5916159152985	2.986111111111111	0	-inf	inf	228	100	cutpl	7627	14205
