BendersMethod=cutpl	maxNcuts=5	tol=1e-06	gapTol=0.5	pi0Coef=0.1	timeLimit=3600	poolplus=False	LevelParam=0.01	mip=False	newn=True
1	349.61966013908386	0.14086133505540108	0.1725788116455078	0.7024118900299072	None	0.0	260.98486161231995	3.9342105263157894	456	3.075782537460327	0.023937225341796875	7	2	cutpl	3375	2619
2	490.34352445602417	0.14578733097625626	0.21949100494384766	1.2212607860565186	None	0.0	387.65053629875183	3.9342105263157894	456	2.428475856781006	0.02393364906311035	32	3	cutpl	3694	3650
3	574.4916334152222	0.14839089554640617	0.25141000747680664	1.7961115837097168	None	0.0	457.0493800640106	3.9342105263157894	456	4.074081659317017	0.02592945098876953	44	4	cutpl	3900	4408
4	641.6461613178253	0.14939402191377477	0.2853269577026367	2.422931432723999	None	0.0	509.3324189186096	3.93640350877193	456	1.3982617855072021	0.02692580223083496	51	5	cutpl	4065	5005
5	717.7487697601318	0.14981828024077698	0.30626678466796875	2.9858016967773438	None	0.0	571.6067862510681	3.93859649122807	456	2.0644848346710205	0.026927471160888672	52	6	cutpl	4214	5610
6	769.2760605812073	0.15016908723272515	0.31823134422302246	3.5885393619537354	None	0.0	609.1019446849823	3.93859649122807	456	1.3902819156646729	0.027924776077270508	53	7	cutpl	4293	6162
7	808.8782229423523	0.15027753043610992	0.32421422004699707	4.2364702224731445	None	0.0	635.9533410072327	3.93859649122807	456	1.7832343578338623	0.027925491333007812	54	8	cutpl	4317	6647
8	841.5369403362274	0.15027814401457962	0.32620859146118164	4.881375074386597	None	0.0	655.8141078948975	3.93859649122807	456	1.4132568836212158	0.024933815002441406	55	9	cutpl	4318	7105
9	873.0896139144897	0.15027814401457962	0.32620859146118164	5.508926153182983	None	0.0	674.3283362388611	3.93859649122807	456	1.3384549617767334	0.028922080993652344	56	10	cutpl	4318	7562
