BendersMethod=cutpl	maxNcuts=10	tol=1e-06	gapTol=0.5	pi0Coef=0.1	timeLimit=3600	poolplus=False	LevelParam=0.01	mip=True	newn=True
1	245.7711284160614	0.08743008993484244	0.30623579025268555	0.5855212211608887	None	0.4449646472930908	145.24538683891296	3.369109947643979	382	2.1612601280212402	0.0778353214263916	2	2	cutpl	4816	1681
2	341.97202372550964	0.09016453833617172	0.3870546817779541	1.025373935699463	None	0.9940094947814941	217.6264774799347	3.9126506024096384	332	0.9643776416778564	0.07875275611877441	40	4	cutpl	5182	2465
3	441.4252290725708	0.09296452610563434	0.46381115913391113	1.4693138599395752	None	1.5906310081481934	295.8646535873413	4.1234567901234565	324	1.3304436206817627	0.08474135398864746	46	6	cutpl	5496	3255
4	543.8056509494781	0.09592144385286977	0.5396080017089844	1.933978796005249	None	2.2157390117645264	375.51604175567627	4.336391437308868	327	0.8776957988739014	0.09673905372619629	59	8	cutpl	5833	3997
5	656.6141221523285	0.09867709301723716	0.6303927898406982	2.442237377166748	None	2.858163833618164	461.41146206855774	4.428571428571429	322	0.850691556930542	0.08876323699951172	64	10	cutpl	6172	4799
6	767.2963185310364	0.10114497713934643	0.7331295013427734	2.981443166732788	None	3.5395379066467285	545.1354668140411	4.564668769716088	317	1.2316739559173584	0.08776473999023438	68	9	cutpl	6471	5601
7	879.8844511508942	0.10335670130345123	0.8298704624176025	3.536991596221924	None	4.2389075756073	630.3340721130371	4.855384615384615	325	1.521928310394287	0.0917215347290039	84	17	cutpl	6776	6356
8	1005.4478442668915	0.10597071037853692	0.9335527420043945	4.144913673400879	None	4.98488974571228	726.9101042747498	5.10062893081761	318	2.275913715362549	0.09079337120056152	90	16	cutpl	7068	7134
9	1141.7396519184113	0.10829109113108838	1.0393507480621338	4.771312236785889	None	5.740964889526367	832.8919017314911	5.35625	320	1.5458285808563232	0.11473751068115234	93	22	cutpl	7371	7956
10	1276.2313060760498	0.1102762239341375	1.1709985733032227	5.31163477897644	None	6.520791530609131	937.3856556415558	5.465648854961832	262	1.5299456119537354	0.11668181419372559	105	25	cutpl	7605	8703
11	1400.5450448989868	0.11161753706872787	1.2687740325927734	5.925711154937744	None	7.342062711715698	1029.5293006896973	5.152777777777778	288	1.2935421466827393	0.11266088485717773	122	11	cutpl	7861	9491
12	1531.2956488132477	0.1134705410255376	1.3954288959503174	6.523076057434082	None	8.186861038208008	1126.8383524417877	5.649635036496351	274	2.376615285873413	0.11971545219421387	139	33	cutpl	8086	10256
13	1682.3848116397858	0.1142738180919202	1.5231244564056396	7.146151542663574	None	9.14119577407837	1244.160505771637	6.0633484162895925	221	2.4733543395996094	0.11664938926696777	147	35	cutpl	8263	11067
14	1838.5195305347443	0.1151599944731423	1.6597576141357422	7.8982391357421875	None	10.14268183708191	1363.3328235149384	6.776892430278885	251	2.094402551651001	0.1207125186920166	149	37	cutpl	8460	11922
15	1986.060220003128	0.11558069133924591	1.770488977432251	8.657925367355347	None	11.32114863395691	1472.5872704982758	6.935222672064778	247	3.5385777950286865	0.12367105484008789	154	39	cutpl	8639	12671
16	2126.5936748981476	0.11587520934627829	1.8273365497589111	9.32942795753479	None	12.432254314422607	1577.329939365387	7.54228855721393	201	3.6791696548461914	0.12761569023132324	176	42	cutpl	8770	13344
17	2245.651481628418	0.11615663021426911	1.9001429080963135	9.825088024139404	None	13.896076917648315	1662.1984355449677	8.051851851851852	135	4.403196573257446	0.14460968971252441	172	54	cutpl	8858	13841
18	2366.618153333664	0.11628576357082768	2.016903877258301	10.327430009841919	None	15.524889469146729	1745.0824573040009	8.206349206349206	126	3.2443325519561768	0.12366819381713867	214	45	cutpl	8980	14332
19	2462.222645044327	0.11640795492573978	2.069765567779541	10.76420259475708	None	16.879707098007202	1804.4017717838287	6.5	126	2.212090015411377	0.15558433532714844	226	62	cutpl	9060	14690
20	2559.4697852134705	0.11659783667512477	2.1445672512054443	11.200198650360107	None	18.14590048789978	1864.636065006256	7.479338842975206	121	2.61795973777771	0.13560247421264648	248	67	cutpl	9139	15039
21	2651.2664544582367	0.11669395726444608	2.2004172801971436	11.630247354507446	None	19.787376403808594	1920.6912596225739	7.448275862068965	116	5.462436199188232	0.15754055976867676	252	71	cutpl	9203	15378
22	2751.295081138611	0.11678121395887307	2.258298873901367	12.085943460464478	None	21.50730586051941	1983.15629196167	7.809160305343512	131	1.7982265949249268	0.16356158256530762	264	76	cutpl	9281	15731
23	2861.0387830734253	0.11688569688698544	2.31614351272583	12.566200494766235	None	23.35604166984558	2055.050584793091	7.818897637795276	127	2.9371140003204346	0.15758013725280762	285	78	cutpl	9359	16090
24	2976.6239171028137	0.11697688870638916	2.3740241527557373	13.110975742340088	None	25.576632022857666	2131.26216173172	8.553719008264462	121	3.4697296619415283	0.16359853744506836	296	69	cutpl	9423	16510
25	3096.5713074207306	0.11704274147390972	2.4159488677978516	13.664299011230469	None	27.691181898117065	2211.6779441833496	8.782608695652174	115	4.64854621887207	0.15757393836975098	298	46	cutpl	9494	16933
26	3221.7228331565857	0.11711348204251495	2.504673719406128	14.243881940841675	None	30.737584352493286	2293.3426265716553	8.903225806451612	124	3.0279428958892822	0.1914670467376709	302	72	cutpl	9559	17349
27	3328.612207889557	0.11712146786202195	2.559523820877075	14.77806544303894	None	33.50258827209473	2356.1948301792145	8.521008403361344	119	2.9670698642730713	0.16452789306640625	307	41	cutpl	9622	17714
28	3370.0284774303436	0.1171234312566964	2.5904672145843506	14.925873041152954	None	35.34068274497986	2363.0793840885162	7.7727272727272725	44	0.612360954284668	0.1705472469329834	338	88	cutpl	9626	17768
29	3486.034444332123	0.1171257458888385	2.624376058578491	15.501017093658447	None	38.27567195892334	2434.758765935898	8.75	120	3.1157071590423584	0.1845414638519287	341	85	cutpl	9679	18144
30	3554.1454360485077	0.11712624433587067	2.642322540283203	15.864720344543457	None	40.723803758621216	2463.2255795001984	9.083333333333334	84	4.457088470458984	0.14959979057312012	348	65	cutpl	9697	18336
31	3593.4394364356995	0.11712624433587067	2.642322540283203	15.98941969871521	None	42.67022109031677	2468.4527316093445	8.771428571428572	35	0.4478015899658203	0.1924877166748047	360	104	cutpl	9697	18374
