BendersMethod=cutpl	maxNcuts=10	tol=1e-06	gapTol=0.5	pi0Coef=0.1	timeLimit=7200	poolplus=False	LevelParam=0.01	mip=True	newn=True
1	320.5214812755585	0.1948422375895618	0.10774946212768555	0.7454273700714111	None	0.4022369384765625	261.9092836380005	5.587926509186352	381	2.137284517288208	0.0688161849975586	10	2	cutpl	2745	2694
2	525.8458204269409	0.20390908558785795	0.14364838600158691	1.223479986190796	None	0.864166259765625	444.4787218570709	6.415032679738562	306	5.7705817222595215	0.08876395225524902	35	7	cutpl	3066	3607
3	685.8562343120575	0.20718791524293115	0.17157292366027832	1.6073570251464844	None	1.3633980751037598	582.5801994800568	6.656716417910448	268	3.025914192199707	0.08373880386352539	51	11	cutpl	3316	4234
4	799.2860844135284	0.20853705098115194	0.19244742393493652	1.9377200603485107	None	1.905273675918579	675.4109468460083	6.596412556053812	223	2.813481330871582	0.09772849082946777	56	6	cutpl	3525	4756
5	889.4490802288055	0.20980059548206342	0.21638131141662598	2.1481451988220215	None	2.440917730331421	744.7301824092865	7.142857142857143	140	3.0209274291992188	0.07579612731933594	70	11	cutpl	3664	5134
6	957.8213522434235	0.21069686707624677	0.23832297325134277	2.36350154876709	None	3.01784086227417	791.3468158245087	7.152317880794702	151	1.7174072265625	0.09873533248901367	89	13	cutpl	3807	5435
7	1027.480185508728	0.21108363005179295	0.2512986660003662	2.577972173690796	None	3.5925488471984863	841.0277757644653	7.435483870967742	124	1.8031766414642334	0.08980679512023926	91	15	cutpl	3928	5750
8	1076.7604808807373	0.21132161376416256	0.2632768154144287	2.6885976791381836	None	4.191954851150513	870.8299169540405	6.885714285714286	70	4.039202928543091	0.11273431777954102	99	21	cutpl	4002	5897
9	1107.860362291336	0.21157946814800155	0.2752416133880615	2.778423309326172	None	4.756791591644287	883.7962210178375	7.830508474576271	59	1.0681428909301758	0.09977936744689941	102	25	cutpl	4054	6008
10	1156.2480437755585	0.21166098653802973	0.28222036361694336	2.926999807357788	None	5.369362831115723	911.828017950058	8.03896103896104	77	1.7104299068450928	0.11170125007629395	113	26	cutpl	4127	6173
11	1186.6667358875275	0.21179747556941877	0.28720831871032715	2.9788150787353516	None	5.9501118659973145	925.0048241615295	7.478260869565218	23	3.2004477977752686	0.09973335266113281	118	31	cutpl	4144	6232
12	1216.8729968070984	0.21181427007546452	0.29019927978515625	3.017784595489502	None	6.551089525222778	937.6498966217041	7.8	15	4.487007141113281	0.14461541175842285	143	72	cutpl	4153	6285
ObjVal: 0.215792622860953	ObjBnd: 0.215792622860953	BnCTime: 40.62839889526367	No. of MIP solns: 21	BendersTime: 35.329604387283325	TotalTime: 1257.549268245697
*ObjVal: 0.21579262286003312	ObjBnd: 0.21579262286003312	BnCTime: 61.66317629814148	No. of MIP solns: 32	BendersTime: 52.87073302268982	TotalTime: 1278.5840456485748
