BendersMethod=cutpl	maxNcuts=10	tol=1e-06	gapTol=0.5	pi0Coef=0.1	timeLimit=7200	poolplus=False	LevelParam=0.01	mip=True	newn=True
1	208.42116451263428	0.08466559822648433	0.19655370712280273	0.4940791130065918	None	0.46225905418395996	120.7297694683075	3.131233595800525	381	1.6056737899780273	0.08676910400390625	2	2	cutpl	4423	1562
2	304.95525312423706	0.08796337528262069	0.2704048156738281	0.9287919998168945	None	0.9593937397003174	195.29190969467163	3.837920489296636	327	1.1439456939697266	0.07878875732421875	33	3	cutpl	4760	2327
3	395.0395715236664	0.09005810440583673	0.33722424507141113	1.3670003414154053	None	1.509340763092041	264.7015233039856	4.0094936708860756	316	0.8706717491149902	0.0887608528137207	48	6	cutpl	5072	3062
4	472.4567675590515	0.09357308223194337	0.411055326461792	1.7355518341064453	None	2.0847959518432617	320.3068377971649	3.8507462686567164	268	0.6871659755706787	0.07580351829528809	52	8	cutpl	5320	3607
5	561.2235727310181	0.09711694122066468	0.48482227325439453	2.167574167251587	None	2.665891647338867	387.1008632183075	4.207792207792208	308	0.8078398704528809	0.08476972579956055	62	9	cutpl	5621	4244
6	640.7780194282532	0.09929103177346807	0.542668342590332	2.518766164779663	None	3.295457124710083	444.16986632347107	3.5661157024793386	242	0.9125614166259766	0.09873819351196289	79	12	cutpl	5837	4749
7	722.2752804756165	0.10098321648485203	0.6045019626617432	2.8597331047058105	None	3.963848114013672	501.57815051078796	3.646288209606987	229	0.8038926124572754	0.09574437141418457	85	15	cutpl	6064	5231
8	800.6967601776123	0.10269901038372918	0.6783053874969482	3.2296054363250732	None	4.646353483200073	558.3923115730286	3.855421686746988	249	0.9185442924499512	0.09079575538635254	97	16	cutpl	6267	5718
9	887.3731820583344	0.10418981025886222	0.752108097076416	3.648442029953003	None	5.350661277770996	620.5637185573578	4.518939393939394	264	1.1200082302093506	0.08876204490661621	102	18	cutpl	6489	6240
10	988.836076259613	0.10591133702984455	0.8568296432495117	4.020292520523071	None	6.075978517532349	696.9472455978394	4.377358490566038	212	2.5730903148651123	0.0917823314666748	77	7	cutpl	6670	6823
11	1104.9428217411041	0.1073964949908282	0.9465892314910889	4.5131919384002686	None	6.8579981327056885	786.5633335113525	5.229508196721311	244	2.4315009117126465	0.09379386901855469	105	20	cutpl	6881	7481
12	1207.3262393474579	0.1078746536585405	1.0124471187591553	5.000790357589722	None	7.590457439422607	861.901572227478	4.982758620689655	290	1.6086993217468262	0.09178996086120605	109	8	cutpl	7078	8100
13	1325.2082407474518	0.10889912242936552	1.1221556663513184	5.4933319091796875	None	8.478915929794312	950.8519403934479	5.553299492385787	197	2.2400155067443848	0.11173796653747559	114	12	cutpl	7217	8708
14	1414.9375066757202	0.10953620988666939	1.1919679641723633	5.924943923950195	None	9.274039030075073	1013.4863703250885	4.705	200	2.0584983825683594	0.12366962432861328	124	24	cutpl	7354	9199
15	1528.6376447677612	0.11013765809768548	1.2847583293914795	6.436720371246338	None	10.231611013412476	1096.766322851181	5.845771144278607	201	1.9088985919952393	0.1266613006591797	135	32	cutpl	7508	9793
16	1639.3448181152344	0.1109492873362733	1.358560562133789	6.965064287185669	None	11.262881994247437	1177.441238641739	5.834170854271357	199	2.548201322555542	0.12865805625915527	150	35	cutpl	7658	10335
17	1742.3884718418121	0.11149243676844123	1.433354377746582	7.432464361190796	None	12.246722221374512	1249.3508489131927	6.426829268292683	164	2.242011785507202	0.09574365615844727	160	40	cutpl	7776	10844
18	1836.8929414749146	0.11283264628372414	1.563044548034668	7.839080333709717	None	13.376652479171753	1311.7778108119965	6.951048951048951	143	1.7772490978240967	0.11668992042541504	172	33	cutpl	7897	11271
19	1994.5945370197296	0.11386752493719222	1.6807286739349365	8.601711511611938	None	14.630438327789307	1433.4466633796692	7.069565217391304	230	2.6997835636138916	0.12167572975158691	182	9	cutpl	8099	12096
20	2162.862887620926	0.11462453849326719	1.8303265571594238	9.41289734840393	None	16.05476427078247	1562.382080078125	7.5210084033613445	238	2.5082972049713135	0.09278678894042969	195	24	cutpl	8316	12963
21	2290.5476427078247	0.11516660073239492	1.976933479309082	10.06980037689209	None	17.50145173072815	1649.092819929123	7.14	200	1.7941958904266357	0.12566328048706055	203	58	cutpl	8469	13541
22	2410.468146085739	0.11580539964891369	2.081610679626465	10.654114246368408	None	19.472191333770752	1732.7449805736542	7.449664429530201	149	2.4654130935668945	0.14261698722839355	213	69	cutpl	8579	14071
23	2521.3139057159424	0.11626129788312438	2.1793923377990723	11.195438623428345	None	21.296998500823975	1808.4404895305634	8.575221238938052	113	3.6033689975738525	0.1376323699951172	239	82	cutpl	8652	14565
24	2666.117905855179	0.1163940716853325	2.2402236461639404	11.958084106445312	None	24.175118446350098	1911.6881775856018	8.027173913043478	184	2.7027742862701416	0.14361238479614258	267	39	cutpl	8781	15263
25	2777.1552069187164	0.11664446499291077	2.3329765796661377	12.497431993484497	None	26.466907739639282	1984.850529909134	8.68421052631579	114	3.0957319736480713	0.13065052032470703	287	22	cutpl	8847	15726
26	2888.3721470832825	0.11679490197106687	2.435698986053467	13.07365083694458	None	28.905338764190674	2054.6628999710083	8.755725190839694	131	2.6579010486602783	0.13663339614868164	300	37	cutpl	8938	16188
27	2984.180174589157	0.11687890738543559	2.5613646507263184	13.581267833709717	None	31.311922311782837	2109.35387635231	8.051724137931034	116	2.5272505283355713	0.14960002899169922	303	90	cutpl	9028	16558
28	3116.1965169906616	0.11701879265848208	2.6740620136260986	14.375790357589722	None	34.172226428985596	2194.699090719223	7.232323232323233	198	2.2021167278289795	0.15059614181518555	306	52	cutpl	9152	17168
29	3230.4433269500732	0.11718172768357975	2.8037171363830566	15.105863332748413	None	36.213542461395264	2263.0579319000244	7.291208791208791	182	2.526252031326294	0.157576322555542	312	78	cutpl	9253	17688
30	3367.0255060195923	0.11728564072883532	2.929382085800171	15.926301002502441	None	40.06412100791931	2349.7675819396973	7.925133689839572	187	2.021649122238159	0.0967400074005127	327	42	cutpl	9365	18298
31	3508.290107011795	0.1174224610692208	3.08097767829895	16.767886877059937	None	44.273707151412964	2438.65233874321	8.492537313432836	201	2.6150169372558594	0.14461374282836914	347	60	cutpl	9492	18863
32	3661.2245569229126	0.11755565356510912	3.238556146621704	17.657804489135742	None	49.949974060058594	2537.793472290039	8.761904761904763	189	2.5332329273223877	0.165557861328125	350	67	cutpl	9626	19475
33	3800.8285703659058	0.11757780126031703	3.388155937194824	18.506044387817383	None	53.60987687110901	2622.0142657756805	8.266666666666667	210	2.220067262649536	0.10970950126647949	378	27	cutpl	9768	20024
ObjVal: 0.1224341444206619	ObjBnd: 0.1224341444206619	BnCTime: 113.48180651664734	No. of MIP solns: 26	BendersTime: 45.92432880401611	TotalTime: 3914.454990386963
*ObjVal: 0.12243414439170262	ObjBnd: 0.12243414439170262	BnCTime: 270.8733024597168	No. of MIP solns: 30	BendersTime: 52.18857455253601	TotalTime: 4071.8464863300323
