BendersMethod=cutpl	maxNcuts=10	tol=1e-06	gapTol=0.001	pi0Coef=0.1	timeLimit=3600	poolplus=False	LevelParam=0.01	mip=False	newn=False
1	400.7815775871277	0.11334558120735956	0.16355419158935547	1.618056058883667	None	0.0	332.6205861568451	6.357456140350878	456	4.055150508880615	0.03690075874328613	2	2	cutpl	3709	3647
2	716.8601377010345	0.12220221480392802	0.2583918571472168	3.2823500633239746	None	0.0	623.0788774490356	6.618421052631579	456	3.9793615341186523	0.036858558654785156	54	3	cutpl	4135	6426
3	910.6934378147125	0.1265333003930784	0.3830530643463135	4.5768067836761475	None	0.0	791.4066691398621	6.655701754385965	456	4.704417705535889	0.0368657112121582	132	4	cutpl	4505	7996
4	1091.5988552570343	0.12847224212802344	0.4927692413330078	5.89939284324646	None	0.0	942.0779571533203	6.68640350877193	456	2.196125030517578	0.03893256187438965	135	5	cutpl	4879	9420
5	1255.9304869174957	0.12958668565528067	0.5855226516723633	7.155508756637573	None	0.0	1079.768260717392	6.719298245614035	456	1.7243592739105225	0.039895057678222656	146	6	cutpl	5188	10706
6	1417.9413692951202	0.13018285675142113	0.6822676658630371	8.341220617294312	None	0.0	1214.880077123642	6.723684210526316	456	2.106369972229004	0.03889632225036621	173	7	cutpl	5527	11920
7	1561.355010509491	0.1305237012307387	0.7530755996704102	9.477954864501953	None	0.0	1332.0546040534973	6.758771929824562	456	2.7675979137420654	0.03885793685913086	191	8	cutpl	5764	13003
8	1699.4239013195038	0.13072974336049056	0.8608753681182861	10.653918266296387	None	0.0	1441.3289914131165	6.758771929824562	456	2.7157034873962402	0.036940813064575195	202	9	cutpl	5966	14008
9	1825.4619512557983	0.13099695792354965	0.9436445236206055	11.713615894317627	None	0.0	1538.4919831752777	6.767543859649122	456	2.022559881210327	0.03989291191101074	229	10	cutpl	6160	14852
10	1959.513585805893	0.13118573952296902	1.0194816589355469	12.880721092224121	None	0.0	1642.9848427772522	6.769736842105263	456	2.62597918510437	0.0408475399017334	237	11	cutpl	6327	15795
11	2054.9803178310394	0.13128073717626987	1.0993025302886963	13.831552267074585	None	0.0	1708.606321811676	6.769736842105263	456	1.806166172027588	0.041852474212646484	244	12	cutpl	6445	16432
12	2147.2845957279205	0.131397969790978	1.170154333114624	14.84247374534607	None	0.0	1769.8263297080994	6.771929824561403	456	1.7104363441467285	0.04189467430114746	255	13	cutpl	6547	17015
13	2236.017376422882	0.13145611609971783	1.2190594673156738	15.82680368423462	None	0.0	1828.2015500068665	6.774122807017544	456	1.8161399364471436	0.044838905334472656	264	14	cutpl	6637	17586
14	2316.46231842041	0.13146070065977863	1.2550020217895508	16.81408977508545	None	0.0	1878.0999550819397	6.774122807017544	456	1.0561864376068115	0.04388165473937988	265	15	cutpl	6710	18116
15	2384.0446021556854	0.13146138633605017	1.2709612846374512	17.773396730422974	None	0.0	1912.5888991355896	6.774122807017544	456	0.7509925365447998	0.0448763370513916	276	16	cutpl	6738	18582
16	2453.262598991394	0.13146150075608734	1.2779417037963867	18.733473777770996	None	0.0	1950.9311861991882	6.774122807017544	456	1.0651512145996094	0.04587745666503906	279	17	cutpl	6772	19064
17	2517.2266788482666	0.13146150075608734	1.278944730758667	19.699815034866333	None	0.0	1983.9033558368683	6.774122807017544	456	0.5515627861022949	0.044841766357421875	280	18	cutpl	6772	19521
