BendersMethod=level	maxNcuts=20	tol=1e-06	gapTol=0.5	pi0Coef=1.0	timeLimit=3600	poolplus=False	LevelParam=0.01	mip=True	newn=True
1	84.98413133621216	-761.9301109828326	0.30225396156311035	0.1457195281982422	None	0.11947488784790039	74.90848469734192	16.82	50	2.927420139312744	0.31414270401000977	10	6	level	1058	313
2	131.64349842071533	-722.8646697551499	0.4109227657318115	0.3102681636810303	None	0.3070194721221924	118.53405380249023	12.8	50	2.0495660305023193	0.2692396640777588	44	12	level	1239	577
3	167.26044464111328	-709.4503815357452	0.5305061340332031	0.47678399085998535	None	0.5096161365509033	150.66845512390137	8.38	50	1.7832627296447754	0.2204113006591797	81	24	level	1427	811
4	206.48000574111938	-701.0541319570191	0.663109302520752	0.6720490455627441	None	0.7669835090637207	185.9735713005066	6.02	50	2.3207602500915527	0.16855239868164062	117	39	level	1587	1081
5	253.58334827423096	-693.2680932987896	0.7678782939910889	0.8971588611602783	None	1.0693588256835938	229.12283325195312	4.76	50	2.3208227157592773	0.23536920547485352	153	45	level	1722	1380
6	300.4837558269501	-687.6169307419125	0.7888236045837402	1.2054715156555176	None	1.410254716873169	272.3970284461975	5.76	50	3.0299301147460938	0.36225461959838867	166	59	level	1784	1728
7	370.0964653491974	-682.300808117007	0.8137462139129639	1.6047518253326416	None	1.7764811515808105	337.80493426322937	7.74	50	4.683452129364014	0.1266632080078125	200	85	level	1837	2060
8	454.88337898254395	-676.368715398713	0.8456459045410156	2.082602024078369	None	2.1707780361175537	417.8533971309662	8.58	50	3.8900647163391113	0.3640296459197998	233	112	level	1890	2379
9	544.4532306194305	-671.5577607190544	0.8917419910430908	2.535611629486084	None	2.6134865283966064	501.9746079444885	8.14	50	4.114006042480469	0.3969402313232422	256	129	level	1939	2684
10	648.0905086994171	-666.839688338935	0.9116566181182861	3.0350537300109863	None	3.0781748294830322	599.7876768112183	9.06	50	5.108072996139526	0.4708094596862793	293	155	level	1989	2929
11	755.2802286148071	-663.0581335114825	0.9375865459442139	3.57240891456604	None	3.5577261447906494	700.5901772975922	9.12	50	5.959319353103638	0.08377647399902344	324	161	level	2037	3190
12	849.9395229816437	-660.4174025618034	0.9625446796417236	4.0569305419921875	None	4.095309019088745	788.5017864704132	8.8	50	4.918867588043213	0.08082222938537598	359	187	level	2083	3382
13	962.8058249950409	-658.909685090027	0.9844725131988525	4.530510425567627	None	4.610956430435181	894.56853723526	8.62	50	7.268650531768799	0.08179593086242676	382	202	level	2129	3601
14	1078.8316810131073	-657.3760172692918	1.0073981285095215	5.030121564865112	None	5.163378000259399	1003.4085640907288	9.76	50	5.178283214569092	0.09076380729675293	406	211	level	2177	3808
15	1196.0595762729645	-656.4517804321126	1.0263092517852783	5.488766431808472	None	5.7118308544158936	1113.3178663253784	9.06	50	6.45295524597168	0.2283923625946045	437	234	level	2222	4042
16	1313.2809255123138	-655.6603905234084	1.0522210597991943	5.903394937515259	None	6.307070255279541	1222.754516839981	9.86	50	5.240995168685913	0.0917520523071289	460	248	level	2261	4229
17	1434.627798318863	-654.8141823863673	1.073120355606079	6.304534912109375	None	6.917455673217773	1336.236554145813	9.82	50	7.353357315063477	0.0847771167755127	491	259	level	2304	4422
18	1561.1788954734802	-653.5917523794769	1.1050353050231934	6.6694724559783936	None	7.559849500656128	1454.445471048355	10.34	50	9.942970991134644	0.09470820426940918	508	265	level	2347	4585
19	1682.5646398067474	-653.1629790775478	1.1309525966644287	7.053225517272949	None	8.194172382354736	1567.038057565689	10.56	50	6.587630271911621	0.08869409561157227	539	266	level	2389	4754
20	1829.2527468204498	-652.626375560826	1.1609177589416504	7.403191804885864	None	8.869399070739746	1704.9434473514557	11.24	50	7.400513172149658	0.10074043273925781	551	270	level	2435	4917
21	1956.567078590393	-652.193647730058	1.1878461837768555	7.754301071166992	None	9.538530826568604	1823.2545566558838	11.16	50	6.52485728263855	0.0987389087677002	567	278	level	2472	5089
22	2042.983024597168	-651.849066457531	1.2157719135284424	8.062226057052612	None	10.220634460449219	1900.772183418274	10.88	50	8.245192527770996	0.09877467155456543	592	279	level	2505	5191
23	2169.5383348464966	-651.4026578486018	1.2436673641204834	8.390160322189331	None	10.919513463973999	2018.1145222187042	11.44	50	7.255433797836304	0.08179235458374023	604	280	level	2544	5321
24	2258.417424917221	-650.8750366478663	1.2755722999572754	8.70445203781128	None	11.623493194580078	2097.524257183075	11.76	50	5.77280068397522	0.0907595157623291	623	281	level	2576	5417
25	2349.5624239444733	-650.6674223465656	1.3044891357421875	9.004696369171143	None	12.323692083358765	2179.286879301071	11.86	50	6.370380401611328	0.09075093269348145	639	282	level	2609	5520
26	2433.407557249069	-650.492146215606	1.3294439315795898	9.296875715255737	None	13.033828496932983	2253.5480132102966	11.94	50	8.06347107887268	0.09075617790222168	645	283	level	2635	5616
27	2518.7662658691406	-650.2846411490474	1.357398271560669	9.597856760025024	None	13.754695177078247	2329.354330301285	12.04	50	7.22160792350769	0.08576703071594238	654	284	level	2660	5706
28	2588.018622636795	-650.0933287777078	1.383291482925415	9.894930839538574	None	14.480772495269775	2389.0936975479126	12.36	50	6.694176435470581	0.0838465690612793	664	285	level	2682	5785
29	2648.2642345428467	-650.0129250065143	1.406193733215332	10.183162212371826	None	15.206682443618774	2439.646494626999	12.1	50	6.681299209594727	0.09474682807922363	681	286	level	2704	5865
30	2713.218471288681	-649.9232078120647	1.432084083557129	10.48436188697815	None	15.929717540740967	2494.88533782959	12.68	50	8.025720834732056	0.10273218154907227	682	287	level	2724	5949
31	2764.4080605506897	-649.8205924836283	1.4620411396026611	10.763508558273315	None	16.676679849624634	2535.8997025489807	12.44	50	6.904525518417358	0.08879995346069336	683	288	level	2738	6020
32	2807.55446600914	-649.7652234552634	1.4879729747772217	11.053043842315674	None	17.42272639274597	2569.1554324626923	12.82	50	5.636929273605347	0.09279298782348633	699	289	level	2750	6082
33	2866.456313610077	-649.6983424848996	1.5168960094451904	11.341192483901978	None	18.224526405334473	2617.981163740158	12.8	50	7.623785972595215	0.09406542778015137	706	290	level	2766	6154
34	2920.6146519184113	-649.6708335667065	1.5358426570892334	11.615517616271973	None	18.98440408706665	2662.127708673477	12.3	50	10.388532161712646	0.09279584884643555	707	291	level	2780	6223
35	2970.1690096855164	-649.6441395442838	1.556781530380249	11.887918949127197	None	19.724620580673218	2702.0120329856873	12.918367346938776	49	5.575104475021362	0.08680963516235352	708	292	level	2792	6292
36	3009.402999162674	-649.5925638948598	1.5817010402679443	12.150205612182617	None	20.468583345413208	2731.2481400966644	12.72	50	4.888633728027344	0.09279799461364746	709	293	level	2805	6354
37	3038.7578864097595	-649.563150160075	1.6026358604431152	12.414450645446777	None	21.20483136177063	2750.7153792381287	12.62	50	5.962187051773071	0.0967409610748291	719	294	level	2814	6409
38	3063.157826423645	-649.5597888461078	1.620582103729248	12.657858610153198	None	21.9535653591156	2765.222561597824	12.591836734693878	49	3.483689546585083	0.08381199836730957	728	295	level	2821	6460
39	3089.2818665504456	-649.5503669533937	1.6405470371246338	12.913536071777344	None	22.737414598464966	2780.9476149082184	13.02	50	3.785888195037842	0.1017293930053711	729	296	level	2829	6512
40	3113.2803947925568	-649.5338191223595	1.660491704940796	13.156932830810547	None	23.499173879623413	2795.147938489914	12.673469387755102	49	3.1555275917053223	0.09637928009033203	730	297	level	2835	6566
41	3139.095168352127	-649.5119623952114	1.6823906898498535	13.400296211242676	None	24.255189180374146	2810.9379637241364	12.612244897959183	49	2.7187352180480957	0.0858161449432373	731	298	level	2844	6618
42	3168.4119024276733	-649.4772380536059	1.7083218097686768	13.66058897972107	None	25.03585982322693	2830.196553468704	12.979591836734693	49	4.1350133419036865	0.1016852855682373	732	299	level	2855	6670
43	3194.022703886032	-649.4150620356229	1.7402400970458984	13.905862092971802	None	25.78283143043518	2845.913064479828	12.571428571428571	49	4.176026344299316	0.09279608726501465	735	300	level	2863	6720
44	3218.1563725471497	-649.3981466905902	1.7631807327270508	14.147104978561401	None	26.532647132873535	2860.349052667618	12.877551020408163	49	3.69516658782959	0.0877692699432373	739	301	level	2869	6773
45	3254.763320684433	-649.3889906921249	1.7880213260650635	14.409402132034302	None	27.284635543823242	2886.8267130851746	13.04	50	6.211459398269653	0.09795451164245605	742	302	level	2878	6832
46	3283.762816429138	-649.3863854203031	1.8079354763031006	14.667478084564209	None	28.035433769226074	2905.736249923706	13.020408163265307	49	3.5474836826324463	0.08980607986450195	743	303	level	2886	6888
47	3303.2846596240997	-649.3846734863007	1.8268468379974365	14.917810916900635	None	28.80027747154236	2915.3348908424377	12.775510204081632	49	2.3936057090759277	0.09071826934814453	747	304	level	2891	6939
48	3322.393570661545	-649.3814413737093	1.8467910289764404	15.153202533721924	None	29.563403367996216	2924.256954908371	12.791666666666666	48	3.7121119499206543	0.09758877754211426	748	305	level	2894	6989
49	3339.0810701847076	-649.3693141049968	1.8657045364379883	15.390411138534546	None	30.31932306289673	2930.9639842510223	12.938775510204081	49	2.203242063522339	0.0937495231628418	749	306	level	2899	7040
50	3360.639203310013	-649.3572183302593	1.8836543560028076	15.632782936096191	None	31.06400179862976	2942.497137069702	12.959183673469388	49	2.388622760772705	0.08888387680053711	750	307	level	2904	7092
51	3382.401505470276	-649.3513823656582	1.9085865020751953	15.888137578964233	None	31.816092252731323	2954.065596103668	13.142857142857142	49	1.947801113128662	0.09003210067749023	751	308	level	2910	7143
52	3398.891268014908	-649.3510540039699	1.9235751628875732	16.134517908096313	None	32.582013845443726	2960.5628345012665	12.959183673469388	49	2.2629499435424805	0.0946507453918457	754	309	level	2913	7193
53	3413.110918045044	-649.3510381124994	1.9365673065185547	16.368847846984863	None	33.33898186683655	2964.754278898239	12.875	48	1.858036756515503	0.08876585960388184	755	310	level	2914	7241
54	3428.455546617508	-649.351027598668	1.9485244750976562	16.603191375732422	None	34.11102557182312	2970.0800955295563	12.833333333333334	48	1.724433183670044	0.0838627815246582	756	311	level	2915	7290
55	3445.435793876648	-649.3506676233566	1.9634463787078857	16.844515323638916	None	34.868348598480225	2977.290195941925	12.9375	48	3.9375009536743164	0.09279441833496094	757	312	level	2916	7342
56	3462.609598875046	-649.3473308119399	1.9793617725372314	17.079978942871094	None	35.63515901565552	2984.4709424972534	13.10204081632653	49	2.0221219062805176	0.09790706634521484	758	313	level	2919	7391
57	3479.53937458992	-649.3473033945241	1.9953196048736572	17.31943392753601	None	36.39289450645447	2991.277451992035	13.183673469387756	49	2.0744190216064453	0.10172510147094727	759	314	level	2920	7440
58	3495.8626585006714	-649.347294972962	2.008326768875122	17.553008794784546	None	37.15389966964722	2997.592764377594	13.10204081632653	49	1.697425365447998	0.08975887298583984	760	315	level	2921	7489
59	3510.154004573822	-649.347294972962	2.008326768875122	17.78046154975891	None	37.920900106430054	3001.84650683403	12.895833333333334	48	1.9008839130401611	0.08780264854431152	761	316	level	2921	7537
