BendersMethod=level	maxNcuts=10	tol=1e-06	gapTol=1.0	pi0Coef=1.0	timeLimit=3600	poolplus=False	LevelParam=0.01	mip=False	newn=False
1	108.91892576217651	-1150.1114230199116	0.4117915630340576	0.2858467102050781	None	0.0	87.69450831413269	10.0	200	0.23736834526062012	0.024933815002441406	10	5	level	3392	591
2	124.92795753479004	-1130.7337429614572	0.6193027496337891	0.5829563140869141	None	0.0	97.87131118774414	10.0	200	0.2283937931060791	0.02891993522644043	31	7	level	4145	825
3	142.4340114593506	-1111.333360268059	0.7919108867645264	0.892146110534668	None	0.0	110.46233057975769	10.0	200	0.6991279125213623	0.03390908241271973	37	10	level	4721	1072
4	164.325345993042	-1093.379555992669	1.0452773571014404	1.2473161220550537	None	0.0	125.9440655708313	10.0	200	0.5445394515991211	0.03889107704162598	51	16	level	5455	1363
5	189.3621687889099	-1075.2931018484683	1.2727034091949463	1.6437926292419434	None	0.0	145.44187903404236	10.0	200	0.4876573085784912	0.0418848991394043	64	20	level	6048	1718
6	216.05658626556396	-1045.6669888185781	1.5160496234893799	2.056591033935547	None	0.0	166.42238116264343	10.0	200	0.654242992401123	0.04584074020385742	75	25	level	6547	2038
7	245.15455627441406	-1020.9213313546775	1.5829493999481201	2.4853477478027344	None	0.0	192.57663893699646	10.0	200	0.8766472339630127	0.04587674140930176	87	29	level	6830	2434
8	280.49877643585205	-999.1824445297739	1.6478137969970703	2.9491801261901855	None	0.0	224.81627583503723	10.0	200	1.7971813678741455	0.04986453056335449	122	34	level	7076	2855
9	322.54602241516113	-976.0919201356588	1.7256433963775635	3.451216459274292	None	0.0	263.5297746658325	10.0	200	1.6186237335205078	0.04787254333496094	134	40	level	7272	3255
10	373.53030133247375	-956.0317050054387	1.8033969402313232	3.973670244216919	None	0.0	310.9836492538452	10.0	200	1.6396398544311523	0.04591536521911621	144	48	level	7467	3641
11	442.91226959228516	-940.1950823532359	1.8812313079833984	4.561090707778931	None	0.0	376.53390097618103	10.0	200	2.9141528606414795	0.056812286376953125	146	59	level	7660	4111
12	521.3818755149841	-923.358230922012	1.986985206604004	5.171893119812012	None	0.0	450.9581000804901	10.0	200	1.9138689041137695	0.05888104438781738	160	64	level	7857	4515
13	617.9988617897034	-912.6738427411756	2.0887091159820557	5.852675676345825	None	0.0	543.3365364074707	10.0	200	1.9816858768463135	0.06778264045715332	169	68	level	8047	4967
14	725.8855991363525	-903.5014466584129	2.2083911895751953	6.552753925323486	None	0.0	646.7293231487274	10.0	200	2.1023683547973633	0.06877732276916504	183	75	level	8230	5427
15	859.096396446228	-897.3654275726514	2.3191332817077637	7.316018581390381	None	0.0	775.1072268486023	10.0	200	3.5275046825408936	0.08381104469299316	197	80	level	8410	5912
16	992.6253800392151	-892.6473531696366	2.4288418292999268	8.08348560333252	None	0.0	903.6905331611633	10.0	200	2.1183230876922607	0.0897221565246582	212	88	level	8599	6372
17	1126.041719675064	-887.6469810682582	2.5395853519439697	8.841074228286743	None	0.0	1032.0157070159912	10.0	200	2.018585681915283	0.14660334587097168	222	95	level	8778	6792
18	1270.9771785736084	-884.5852355206697	2.636326789855957	9.664620876312256	None	0.0	1171.6118104457855	10.0	200	2.8842666149139404	0.13268351554870605	226	106	level	8945	7207
19	1425.1868660449982	-881.466283223803	2.750025510787964	10.519062042236328	None	0.0	1320.2500982284546	10.0	200	2.365659713745117	0.16356301307678223	232	111	level	9122	7605
20	1565.4867737293243	-878.8397453667748	2.8657522201538086	11.335606098175049	None	0.0	1454.8212413787842	10.0	200	2.705786943435669	0.1456127166748047	247	115	level	9281	7968
21	1711.0795686244965	-876.8103444018	2.9794888496398926	12.201347351074219	None	0.0	1594.312373161316	10.0	200	2.6638596057891846	0.19245123863220215	256	128	level	9421	8285
22	1854.2667400836945	-875.0250390093535	3.0952210426330566	13.01584243774414	None	0.0	1731.6947917938232	10.0	200	2.3487069606781006	0.1695101261138916	263	130	level	9560	8601
23	1999.8645601272583	-873.815025707539	3.1840271949768066	13.85239577293396	None	0.0	1871.3195395469666	10.0	200	2.1043589115142822	0.14756202697753906	271	132	level	9674	8931
24	2124.2382066249847	-872.5426043503769	3.2728238105773926	14.647285461425781	None	0.0	1989.7226712703705	10.0	200	1.6236493587493896	0.14760255813598633	280	133	level	9773	9189
25	2270.855348587036	-871.8953662677771	3.358600616455078	15.432179689407349	None	0.0	2130.322361469269	10.0	200	2.576061964035034	0.17656469345092773	286	134	level	9875	9506
26	2392.5013556480408	-871.1196570376641	3.4393866062164307	16.18179440498352	None	0.0	2245.876113176346	10.0	200	1.6356229782104492	0.15953707695007324	291	135	level	9946	9745
27	2512.059990167618	-870.7478196955764	3.5142011642456055	16.93120288848877	None	0.0	2359.3060183525085	10.0	200	2.3107714653015137	0.15659093856811523	303	136	level	9993	9986
28	2630.1346428394318	-870.4539429338774	3.56805682182312	17.658388137817383	None	0.0	2471.30961227417	10.0	200	2.0185887813568115	0.1705794334411621	307	137	level	10026	10207
29	2738.01353597641	-870.403943530834	3.6029651165008545	18.395383596420288	None	0.0	2572.99586892128	10.0	200	1.1718261241912842	0.148634672164917	310	138	level	10032	10411
30	2845.300079345703	-870.3826474397302	3.6319267749786377	19.0945246219635	None	0.0	2674.1637346744537	10.0	200	1.2775304317474365	0.15658140182495117	312	139	level	10036	10612
31	2953.66774725914	-870.3567368705502	3.6598567962646484	19.829403162002563	None	0.0	2776.4127011299133	10.0	200	1.4052340984344482	0.19745469093322754	315	141	level	10040	10812
32	3061.618530035019	-870.3201242872491	3.6857497692108154	20.568428993225098	None	0.0	2878.1683921813965	10.0	200	1.241671085357666	0.19245100021362305	317	143	level	10043	11016
33	3171.8203208446503	-870.3129014749159	3.7167062759399414	21.31321406364441	None	0.0	2981.9920225143433	10.0	200	1.1569111347198486	0.16160345077514648	318	145	level	10044	11216
34	3280.2248528003693	-870.3078818596724	3.7436721324920654	22.058935403823853	None	0.0	3084.0451929569244	10.0	200	1.4381458759307861	0.14560961723327637	319	147	level	10045	11418
35	3388.1886072158813	-870.2996258500555	3.7745394706726074	22.797218799591064	None	0.0	3185.6697351932526	10.0	200	1.3563647270202637	0.14859962463378906	325	148	level	10047	11618
36	3495.8006892204285	-870.2996258500555	3.7745394706726074	23.5241961479187	None	0.0	3287.0572261810303	10.0	200	1.353426456451416	0.14560961723327637	326	149	level	10047	11818
