BendersMethod=level	maxNcuts=20	tol=1e-06	gapTol=0.5	pi0Coef=1.0	timeLimit=3600	poolplus=False	LevelParam=0.01	mip=False	newn=True
1	88.25919032096863	-1141.834769853957	0.1516268253326416	0.15062212944030762	None	0.0	81.60061621665955	15.54	50	2.904240369796753	0.42888450622558594	10	5	level	949	352
2	124.137277841568	-1088.9300837708772	0.2094719409942627	0.2822704315185547	None	0.0	115.849769115448	17.98	50	1.698500394821167	0.21953701972961426	45	16	level	1109	514
3	154.72556114196777	-1056.3055337045214	0.2623629570007324	0.48783302307128906	None	0.0	144.6151306629181	19.22	50	1.331444263458252	0.28424954414367676	55	22	level	1236	816
4	191.9752597808838	-1045.5272267934001	0.2773311138153076	0.7459638118743896	None	0.0	180.49399757385254	19.54	50	1.9338648319244385	0.31311869621276855	90	30	level	1296	1113
5	224.56374502182007	-1030.0531265651334	0.29325389862060547	0.9921467304229736	None	0.0	211.54571723937988	19.54	50	1.5293772220611572	0.23138213157653809	119	57	level	1356	1277
6	263.28351950645447	-1024.3314206955395	0.30222368240356445	1.2831242084503174	None	0.0	248.61055421829224	19.54	50	1.9348340034484863	0.24055171012878418	140	64	level	1412	1523
7	312.92098212242126	-1019.1099620160112	0.31815648078918457	1.6309292316436768	None	0.0	296.2925684452057	19.54	50	2.298685312271118	0.33274245262145996	185	78	level	1462	1763
8	392.6244285106659	-1014.4855831502107	0.33107614517211914	1.9620518684387207	None	0.0	373.9925727844238	19.54	50	3.7499799728393555	0.26828813552856445	229	96	level	1512	1940
9	437.66603684425354	-1009.1390825336374	0.3439970016479492	2.329099655151367	None	0.0	416.8906877040863	19.54	50	1.9956672191619873	0.3787398338317871	244	116	level	1562	2158
10	517.4052455425262	-1006.3611448826339	0.3599529266357422	2.7400991916656494	None	0.0	494.1126971244812	19.54	50	3.8602194786071777	0.23038530349731445	270	126	level	1612	2348
11	571.0216221809387	-1004.0396710861361	0.37793731689453125	3.1181278228759766	None	0.0	545.3343527317047	19.54	50	2.316833019256592	0.23641180992126465	289	137	level	1662	2483
12	643.6639385223389	-1001.9215921076756	0.3949270248413086	3.555985689163208	None	0.0	615.38157081604	19.54	50	3.768123149871826	0.40092921257019043	304	142	level	1712	2686
13	705.4336378574371	-999.8075073676753	0.41182565689086914	3.9678962230682373	None	0.0	674.3787667751312	19.54	50	2.9264187812805176	0.33232975006103516	328	152	level	1762	2828
14	768.5995190143585	-999.2167673502937	0.42584753036499023	4.424772024154663	None	0.0	734.7191483974457	19.54	50	2.9149255752563477	0.20844149589538574	350	160	level	1812	3037
15	831.9971709251404	-998.089025760676	0.43781065940856934	4.875547170639038	None	0.0	795.1986885070801	19.54	50	3.265303611755371	0.3470768928527832	359	168	level	1862	3172
16	918.6957125663757	-997.2319936586746	0.4557759761810303	5.321451187133789	None	0.0	878.8758888244629	19.54	50	3.6048049926757812	0.44481492042541504	366	171	level	1912	3339
17	980.7054142951965	-996.5632738557329	0.4716975688934326	5.753427505493164	None	0.0	937.8527519702911	19.54	50	2.7247414588928223	0.20445728302001953	393	176	level	1962	3478
18	1047.3543984889984	-995.8870255429789	0.48863887786865234	6.176386117935181	None	0.0	1001.4040422439575	19.54	50	4.359355211257935	0.3281233310699463	411	181	level	2012	3609
19	1117.5570256710052	-995.2518234295525	0.508629322052002	6.578436851501465	None	0.0	1068.4824566841125	19.54	50	4.8743813037872314	0.2543668746948242	427	183	level	2062	3728
20	1196.9188694953918	-994.8527836598106	0.5345194339752197	7.0054967403411865	None	0.0	1144.444075345993	19.54	50	4.817381381988525	0.3640267848968506	442	188	level	2112	3865
21	1256.3766839504242	-994.2689782934727	0.5624363422393799	7.38051700592041	None	0.0	1200.6215419769287	19.54	50	2.9441885948181152	0.39095568656921387	451	192	level	2162	3969
22	1335.1304268836975	-994.0699844865193	0.5784361362457275	7.806481838226318	None	0.0	1275.8383066654205	19.54	50	5.822488307952881	0.40587544441223145	454	195	level	2212	4122
23	1397.6821508407593	-993.7714358483901	0.5993776321411133	8.170618772506714	None	0.0	1335.0254077911377	19.54	50	2.8376786708831787	0.43763279914855957	462	198	level	2262	4218
24	1457.0619263648987	-993.5939389496024	0.6223125457763672	8.52966570854187	None	0.0	1391.0084207057953	19.54	50	2.609048843383789	0.29122495651245117	470	204	level	2312	4329
25	1510.0047223567963	-993.2922330486945	0.6511697769165039	8.87381625175476	None	0.0	1440.6047852039337	19.54	50	3.4190821647644043	0.3091719150543213	477	209	level	2362	4410
26	1563.2456743717194	-993.1919384084536	0.6751260757446289	9.207962989807129	None	0.0	1490.4297485351562	19.54	50	3.0957565307617188	0.36512136459350586	491	211	level	2411	4511
27	1617.539813041687	-993.1133831270714	0.6960515975952148	9.536133289337158	None	0.0	1541.1605551242828	19.54	50	2.8814926147460938	0.40990662574768066	495	212	level	2460	4594
28	1671.288199186325	-993.064021766367	0.7179868221282959	9.855295419692993	None	0.0	1591.363382101059	19.54	50	2.834430694580078	0.34204673767089844	501	216	level	2509	4678
29	1712.778881072998	-993.000081387102	0.7429447174072266	10.164318323135376	None	0.0	1629.2434401512146	19.54	50	2.5491890907287598	0.2762613296508789	507	219	level	2554	4739
30	1772.8237943649292	-992.9624173860816	0.7649319171905518	10.521500587463379	None	0.0	1684.4015610218048	19.54	50	5.785548210144043	0.2851555347442627	508	220	level	2597	4810
31	1813.8284032344818	-992.9536124395526	0.7859036922454834	10.829652786254883	None	0.0	1721.931160211563	19.54	50	2.1063714027404785	0.30414843559265137	510	221	level	2635	4870
32	1850.095636844635	-992.9371807397583	0.8118185997009277	11.1308012008667	None	0.0	1754.793459892273	19.54	50	2.119615316390991	0.28823018074035645	513	223	level	2662	4923
33	1885.8885776996613	-992.9328341497985	0.8307640552520752	11.436502933502197	None	0.0	1787.042926311493	19.54	50	1.6157968044281006	0.2802908420562744	515	227	level	2681	4980
34	1921.0296516418457	-992.9311990148774	0.8506639003753662	11.721696138381958	None	0.0	1818.6734867095947	19.54	50	1.4272029399871826	0.29355645179748535	517	229	level	2702	5030
35	1957.0830810070038	-992.9252539066226	0.8725247383117676	12.011908292770386	None	0.0	1851.1232583522797	19.54	50	1.9108941555023193	0.09279298782348633	518	231	level	2726	5083
36	1991.3243782520294	-992.9247831306774	0.8844895362854004	12.299759864807129	None	0.0	1881.7711355686188	19.54	50	1.397265911102295	0.12328529357910156	520	232	level	2731	5134
37	2025.5249726772308	-992.9246560950703	0.8955047130584717	12.59397840499878	None	0.0	1912.3819286823273	19.54	50	1.4740936756134033	0.0868067741394043	523	233	level	2734	5184
38	2059.8579359054565	-992.9246560950703	0.8965039253234863	12.879122495651245	None	0.0	1943.101767539978	19.54	50	1.313493013381958	0.30768561363220215	526	234	level	2734	5234
