BendersMethod=level	maxNcuts=10	tol=1e-06	gapTol=0.05	pi0Coef=1.0	timeLimit=3600	poolplus=False	LevelParam=0.01	mip=False	newn=False
1	53.6690309047699	-792.1511877178314	0.20339727401733398	0.2484455108642578	None	0.0	45.454875230789185	10.0	50	3.2842586040496826	0.1735363006591797	10	4	level	1068	668
2	112.61638975143433	-761.6806950574785	0.24528026580810547	0.7372715473175049	None	0.0	102.04755330085754	10.0	50	3.7679593563079834	0.5694770812988281	81	19	level	1227	1434
3	235.8107452392578	-708.8060843822647	0.32015466690063477	1.4196040630340576	None	0.0	221.45968317985535	10.0	50	10.657473087310791	0.9324672222137451	192	74	level	1457	2296
4	496.20646691322327	-617.4887453979861	0.39898180961608887	2.3413190841674805	None	0.0	477.0624794960022	10.0	50	8.365639448165894	0.6722500324249268	269	82	level	1680	3299
5	756.37504529953	-592.5103813007476	0.40895748138427734	3.2781083583831787	None	0.0	733.631002664566	10.0	50	9.36397123336792	0.3640279769897461	398	93	level	1754	4181
6	973.1994774341583	-583.1014101643499	0.414935827255249	4.248008728027344	None	0.0	946.5768628120422	10.0	50	7.642531156539917	2.4654104709625244	457	98	level	1803	4981
7	1193.941437959671	-575.9556356853648	0.42391157150268555	4.995146036148071	None	0.0	1163.505182504654	10.0	50	10.299511671066284	1.0402593612670898	512	132	level	1853	5479
8	1401.79185962677	-571.7406507495346	0.43288636207580566	5.743311882019043	None	0.0	1367.3863353729248	10.0	50	6.318114280700684	1.8360941410064697	553	137	level	1903	5947
9	1552.5778048038483	-568.6969646492224	0.44585299491882324	6.298948764801025	None	0.0	1514.3525624275208	10.0	50	6.120601654052734	1.1868302822113037	598	151	level	1953	6212
10	1653.5398943424225	-567.2975248880058	0.4568305015563965	6.770771265029907	None	0.0	1611.587824344635	10.0	50	3.7699220180511475	0.4288909435272217	636	159	level	2002	6399
11	1734.487491607666	-566.5347496005884	0.46680355072021484	7.215608596801758	None	0.0	1688.7338483333588	10.0	50	4.045189380645752	0.09973025321960449	647	162	level	2045	6532
12	1776.889136314392	-566.1429717774352	0.4767746925354004	7.600637912750244	None	0.0	1727.4673731327057	10.0	50	2.176145076751709	0.10073161125183105	660	167	level	2068	6596
13	1819.2549142837524	-566.0227985281605	0.48575282096862793	7.993616342544556	None	0.0	1766.1101434230804	10.0	50	1.7223949432373047	0.09678220748901367	665	171	level	2081	6662
14	1857.2762286663055	-565.9158854031735	0.49173593521118164	8.366559267044067	None	0.0	1800.4704809188843	10.0	50	2.341738224029541	0.09774088859558105	672	172	level	2088	6717
15	1894.9136099815369	-565.9136939884596	0.49672389030456543	8.741511344909668	None	0.0	1834.4049587249756	10.0	50	1.6037471294403076	0.10172796249389648	679	174	level	2090	6769
16	1930.4665622711182	-565.908579628374	0.5027081966400146	9.106557846069336	None	0.0	1866.3148701190948	10.0	50	1.2526535987854004	0.3880026340484619	682	178	level	2091	6819
17	1965.107952594757	-565.9068170985548	0.5076942443847656	9.46867322921753	None	0.0	1897.303032875061	10.0	50	1.4042448997497559	0.09773945808410645	686	180	level	2092	6869
18	1999.8979461193085	-565.895042103948	0.5136802196502686	9.83866548538208	None	0.0	1928.3804142475128	10.0	50	1.458141565322876	0.09873676300048828	688	181	level	2093	6919
19	2035.5526690483093	-565.895042103948	0.5136802196502686	10.219645977020264	None	0.0	1960.3105330467224	10.0	50	1.485029935836792	0.10176539421081543	689	182	level	2093	6969
