BendersMethod=level	maxNcuts=10	tol=1e-06	gapTol=1.0	pi0Coef=1.0	timeLimit=3600	poolplus=False	LevelParam=0.01	mip=False	newn=False
1	24.7220458984375	-1180.7324703865859	0.18354249000549316	0.10375142097473145	None	0.0	17.49481463432312	10.0	50	0.14790987968444824	0.06278157234191895	10	5	level	1007	150
2	29.50832176208496	-1174.2908473649002	0.2333996295928955	0.20749282836914062	None	0.0	20.958632230758667	10.0	50	0.18455028533935547	0.04293513298034668	15	9	level	1149	215
3	34.631125926971436	-1166.155380883697	0.25136256217956543	0.3191487789154053	None	0.0	25.31546664237976	10.0	50	0.21447467803955078	0.04683065414428711	23	12	level	1221	291
4	40.58573603630066	-1153.38426128952	0.33413028717041016	0.4369361400604248	None	0.0	29.49222469329834	10.0	50	0.23382306098937988	0.05894732475280762	37	15	level	1396	356
5	48.13454031944275	-1143.5131829737047	0.4159090518951416	0.5754601955413818	None	0.0	35.15987992286682	10.0	50	0.322127103805542	0.06279230117797852	44	20	level	1593	435
6	56.38975238800049	-1136.5299213350274	0.5056700706481934	0.730865478515625	None	0.0	41.48388195037842	10.0	50	0.5076806545257568	0.06482720375061035	68	25	level	1779	529
7	64.9006814956665	-1126.852952963037	0.6124246120452881	0.8892548084259033	None	0.0	47.85101294517517	10.0	50	0.9005982875823975	0.0578455924987793	80	29	level	1977	607
8	74.96046566963196	-1118.6385968306226	0.6992478370666504	1.0646276473999023	None	0.0	55.979912519454956	10.0	50	1.5788164138793945	0.07280516624450684	95	39	level	2134	704
9	86.88311529159546	-1107.496999135774	0.7800242900848389	1.258012294769287	None	0.0	65.8961431980133	10.0	50	1.6744558811187744	0.07579684257507324	109	44	level	2272	810
10	96.8838357925415	-1099.1831891545517	0.7969343662261963	1.4632155895233154	None	0.0	74.64077854156494	10.0	50	1.1958048343658447	0.07480335235595703	127	49	level	2344	901
11	108.2747073173523	-1087.4017096816035	0.8179247379302979	1.685718059539795	None	0.0	84.74383425712585	10.0	50	1.2060751914978027	0.07580018043518066	152	58	level	2405	990
12	118.44761347770691	-1079.8154944104579	0.8388626575469971	1.9128918647766113	None	0.0	93.57921648025513	10.0	50	1.2496609687805176	0.08281946182250977	158	64	level	2457	1076
13	130.39405298233032	-1069.3037048670465	0.8647580146789551	2.1353001594543457	None	0.0	104.09639739990234	10.0	50	1.6479229927062988	0.08980679512023926	168	69	level	2506	1163
14	145.18083715438843	-1061.8373457570938	0.8837025165557861	2.382984161376953	None	0.0	117.33621382713318	10.0	50	1.6055207252502441	0.08314180374145508	178	73	level	2558	1266
15	160.2169325351715	-1055.6485859760985	0.8966667652130127	2.647252321243286	None	0.0	130.7561538219452	10.0	50	1.0053088665008545	0.09578752517700195	190	78	level	2605	1384
16	176.0716676712036	-1050.6167325838167	0.9126217365264893	2.914511203765869	None	0.0	144.9356291294098	10.0	50	3.405968189239502	0.08756756782531738	203	88	level	2651	1479
17	195.31107783317566	-1044.2522659115707	0.9325294494628906	3.1970813274383545	None	0.0	162.42450881004333	10.0	50	1.4331142902374268	0.09901261329650879	212	96	level	2698	1590
18	215.18914103507996	-1039.448574876974	0.9494833946228027	3.5151093006134033	None	0.0	180.43675994873047	10.0	50	1.5119187831878662	0.10168743133544922	223	105	level	2741	1723
19	235.04982686042786	-1034.339764625682	0.968433141708374	3.8382980823516846	None	0.0	198.40361738204956	10.0	50	1.5907204151153564	0.10770606994628906	242	115	level	2788	1819
20	264.00727581977844	-1031.9197305502505	0.9873480796813965	4.202239513397217	None	0.0	225.32116889953613	10.0	50	2.380680561065674	0.09973812103271484	251	121	level	2832	1968
21	289.03347873687744	-1028.8092693171088	1.0082473754882812	4.55950140953064	None	0.0	248.21623492240906	10.0	50	2.178180456161499	0.11191177368164062	271	128	level	2878	2095
22	315.4393684864044	-1025.3930000239307	1.0341436862945557	4.9290313720703125	None	0.0	272.40924739837646	10.0	50	2.1991031169891357	0.13663887977600098	281	138	level	2916	2215
23	344.7796652317047	-1023.1309604770535	1.0591096878051758	5.326920986175537	None	0.0	299.4015498161316	10.0	50	1.7528517246246338	0.12765979766845703	289	143	level	2957	2350
24	373.3716721534729	-1021.4434051505699	1.0800538063049316	5.715946912765503	None	0.0	325.5350821018219	10.0	50	2.5033116340637207	0.12964272499084473	293	149	level	2995	2469
25	401.13992071151733	-1020.3863688670306	1.0980069637298584	6.131718873977661	None	0.0	350.87995314598083	10.0	50	1.403355598449707	0.16855311393737793	301	154	level	3028	2592
26	430.80922985076904	-1018.7474361463621	1.117955207824707	6.544623374938965	None	0.0	378.0064387321472	10.0	50	2.302827835083008	0.13567781448364258	310	160	level	3065	2704
27	459.91408038139343	-1017.6071556457239	1.1349427700042725	6.960179567337036	None	0.0	404.5172791481018	10.0	50	2.614699602127075	0.18524551391601562	325	168	level	3104	2803
28	489.318088054657	-1016.5416381124776	1.1528599262237549	7.373283863067627	None	0.0	431.29624009132385	10.0	50	2.6320877075195312	0.12861180305480957	332	177	level	3135	2905
29	514.7838280200958	-1015.6545690741692	1.1737630367279053	7.78613805770874	None	0.0	454.02457547187805	10.0	50	1.5421462059020996	0.12467193603515625	336	185	level	3164	2983
30	541.9619851112366	-1014.7125957116382	1.199693202972412	8.209699392318726	None	0.0	478.52431893348694	10.0	50	1.4930343627929688	0.11965322494506836	342	197	level	3198	3068
31	574.5314750671387	-1014.2139741652275	1.2186434268951416	8.649604082107544	None	0.0	508.35023760795593	10.0	50	1.8819713592529297	0.12865424156188965	346	200	level	3223	3172
32	602.0520448684692	-1013.8453249353778	1.2405858039855957	9.0803861618042	None	0.0	533.0123252868652	10.0	50	1.8043994903564453	0.1236274242401123	358	211	level	3249	3257
33	635.8911619186401	-1013.6057127527105	1.2565393447875977	9.535353183746338	None	0.0	563.9055304527283	10.0	50	2.5481719970703125	0.18953394889831543	363	215	level	3281	3384
34	660.5065562725067	-1013.1376378441535	1.2754805088043213	9.952370643615723	None	0.0	585.6567807197571	10.0	50	1.6478569507598877	0.12670135498046875	381	218	level	3301	3451
35	686.1358735561371	-1012.7099375481179	1.2944636344909668	10.391200304031372	None	0.0	608.2321898937225	10.0	50	1.3075072765350342	0.1536247730255127	385	221	level	3329	3537
36	709.4872722625732	-1012.3732892467191	1.3144443035125732	10.791070461273193	None	0.0	628.6392736434937	10.0	50	1.355379581451416	0.15823674201965332	389	225	level	3346	3601
37	734.1330366134644	-1012.1947501504999	1.33139967918396	11.204905986785889	None	0.0	650.1457023620605	10.0	50	1.3989367485046387	0.20342302322387695	394	232	level	3359	3672
38	759.248922586441	-1012.0887291717403	1.3463218212127686	11.604933738708496	None	0.0	672.2374219894409	10.0	50	1.5249264240264893	0.20264768600463867	400	235	level	3367	3737
39	782.2538886070251	-1011.8007856396393	1.3622808456420898	12.003838062286377	None	0.0	692.2374153137207	10.0	50	1.377347707748413	0.14058327674865723	403	238	level	3380	3797
40	803.5726091861725	-1011.7488194469018	1.3742446899414062	12.403090000152588	None	0.0	710.5571188926697	10.0	50	1.1154675483703613	0.14465665817260742	410	242	level	3387	3852
41	824.7162854671478	-1011.6859111058764	1.3862113952636719	12.807625532150269	None	0.0	728.6306097507477	10.0	50	1.355377197265625	0.13862967491149902	418	244	level	3392	3908
42	845.0290660858154	-1011.6264495471422	1.3992087841033936	13.187599897384644	None	0.0	745.869226694107	10.0	50	0.9215407371520996	0.19772720336914062	424	245	level	3396	3958
43	868.8809335231781	-1011.5976435047548	1.4132068157196045	13.571520805358887	None	0.0	766.5988113880157	10.0	50	1.4421460628509521	0.18303656578063965	432	246	level	3403	4017
44	888.5298509597778	-1011.5531871590985	1.425171136856079	13.944562673568726	None	0.0	783.0842514038086	10.0	50	1.2745909690856934	0.16211271286010742	435	248	level	3406	4067
45	908.9790139198303	-1011.5425007044863	1.4361352920532227	14.312478303909302	None	0.0	800.4150142669678	10.0	50	1.216994285583496	0.13967084884643555	436	249	level	3407	4117
46	930.1061429977417	-1011.5391880333498	1.4470632076263428	14.684478998184204	None	0.0	818.3000066280365	10.0	50	1.0511934757232666	0.20050621032714844	438	250	level	3408	4167
47	950.8976442813873	-1011.5303091832164	1.458038091659546	15.048577547073364	None	0.0	836.0189106464386	10.0	50	1.4002509117126465	0.16958928108215332	441	252	level	3409	4217
48	971.8495433330536	-1011.5303091832164	1.458038091659546	15.413610458374023	None	0.0	853.7993876934052	10.0	50	1.5120041370391846	0.15952849388122559	443	254	level	3409	4267
