BendersMethod=level	maxNcuts=10	tol=1e-06	gapTol=1.0	pi0Coef=1.0	timeLimit=3600	poolplus=False	LevelParam=0.01	mip=False	newn=False
1	101.65752172470093	-454.19686158506283	0.9774682521820068	0.6262407302856445	None	0.0	71.51943039894104	10.0	200	0.5046126842498779	0.05980968475341797	9	3	level	3741	767
2	120.93902897834778	-450.90277025348803	1.0831897258758545	1.2697417736053467	None	0.0	87.49979543685913	10.0	200	0.6931502819061279	0.0319514274597168	42	7	level	4058	1150
3	146.80897665023804	-446.7832479818727	1.173940896987915	2.036632776260376	None	0.0	109.72963118553162	10.0	200	0.6832149028778076	0.03590583801269531	62	10	level	4375	1649
4	173.87968587875366	-442.0005397619251	1.2716882228851318	2.835156202316284	None	0.0	132.92982244491577	10.0	200	1.2217316627502441	0.042923927307128906	68	13	level	4694	2130
5	209.85757303237915	-436.3027575916752	1.35845947265625	3.7935564517974854	None	0.0	164.63600039482117	10.0	200	0.9484624862670898	0.04483795166015625	90	18	level	5001	2841
6	253.8740255832672	-428.9081099136307	1.7503728866577148	4.880428314208984	None	0.0	200.20047974586487	10.0	200	1.4072439670562744	0.045867919921875	108	23	level	5612	3598
7	300.7817804813385	-417.1617715047052	2.217197895050049	6.048534631729126	None	0.0	237.60936546325684	10.0	200	1.7842366695404053	0.04782819747924805	150	26	level	6287	4288
8	354.37065148353577	-411.2104873793598	2.839597225189209	7.2463905811309814	None	0.0	279.93348383903503	10.0	200	2.3517210483551025	0.06090044975280762	159	32	level	7054	4906
9	399.1031906604767	-404.135014855566	2.954331398010254	8.422110080718994	None	0.0	318.92548394203186	10.0	200	1.5648159980773926	0.07176709175109863	169	42	level	7357	5426
10	442.9032213687897	-397.95702636472043	3.0570969581604004	9.58541464805603	None	0.0	356.7086670398712	10.0	200	0.9854059219360352	0.05086398124694824	175	49	level	7656	5903
11	492.75413060188293	-390.004030971498	3.178774118423462	10.822445392608643	None	0.0	400.0828785896301	10.0	200	2.367694854736328	0.04288363456726074	184	57	level	7944	6378
12	551.6518430709839	-381.4961767891367	3.293505907058716	12.080369234085083	None	0.0	452.0898611545563	10.0	200	4.627638101577759	0.04483985900878906	214	64	level	8178	6870
13	614.1628539562225	-372.157648164563	3.4221689701080322	13.401267528533936	None	0.0	507.28961181640625	10.0	200	1.0392234325408936	0.05090188980102539	228	74	level	8406	7454
14	682.0415544509888	-363.7395077005319	3.5379037857055664	14.809716939926147	None	0.0	567.5223014354706	10.0	200	0.9903564453125	0.05086493492126465	243	83	level	8596	8111
15	763.4810404777527	-353.8601730745841	3.679525375366211	16.212040662765503	None	0.0	640.9043252468109	10.0	200	1.9727308750152588	0.048828125	282	96	level	8789	8637
16	851.1060400009155	-346.00516848723237	3.7772324085235596	17.66518497467041	None	0.0	720.1579234600067	10.0	200	1.7792470455169678	0.04691362380981445	297	112	level	8974	9210
17	955.919086933136	-340.1180270484804	3.894958019256592	19.228853225708008	None	0.0	816.1417372226715	10.0	200	2.676807403564453	0.0827794075012207	324	113	level	9147	9797
18	1073.3983161449432	-334.4617415521411	4.040621995925903	20.792295932769775	None	0.0	924.4468703269958	10.0	200	2.540215015411377	0.0887460708618164	358	114	level	9326	10348
19	1198.5470132827759	-329.80211356152995	4.161269187927246	22.442291259765625	None	0.0	1039.9006838798523	10.0	200	2.475386619567871	0.09379148483276367	374	115	level	9499	10924
20	1342.9014544487	-325.62844364186896	4.284943103790283	24.134549856185913	None	0.0	1174.3001415729523	10.0	200	2.9491233825683594	0.11565017700195312	396	116	level	9670	11455
21	1496.133183002472	-323.1839908643037	4.40565824508667	25.894278287887573	None	0.0	1317.1074244976044	10.0	200	2.694790840148926	0.09677958488464355	421	117	level	9840	12045
22	1648.3117640018463	-319.8650493567665	4.561279058456421	27.640820741653442	None	0.0	1458.622270822525	10.0	200	3.20839262008667	0.15059804916381836	449	118	level	10009	12498
23	1837.913316488266	-318.5078076314591	4.6790077686309814	29.533559799194336	None	0.0	1637.063877105713	10.0	200	6.339066028594971	0.20940113067626953	459	119	level	10172	13034
24	1982.6088845729828	-316.3643064738694	4.807701587677002	31.342965841293335	None	0.0	1770.4930529594421	10.0	200	1.9757235050201416	0.17752575874328613	470	122	level	10322	13424
25	2165.3108270168304	-314.594776266213	4.943274974822998	33.2207133769989	None	0.0	1941.5591397285461	10.0	200	3.199418067932129	0.09574413299560547	476	125	level	10473	13881
26	2340.492859840393	-313.4255111201428	5.058020353317261	35.14125990867615	None	0.0	2104.893632411957	10.0	200	3.343074083328247	0.1805412769317627	491	126	level	10617	14285
27	2529.8570442199707	-312.3924222429259	5.177704572677612	37.063278913497925	None	0.0	2282.195847272873	10.0	200	3.0828022956848145	0.12861919403076172	499	132	level	10755	14757
28	2672.4979634284973	-311.1761145539345	5.31339168548584	38.87179470062256	None	0.0	2412.8418889045715	10.0	200	3.0668108463287354	0.05984377861022949	515	137	level	10871	15046
29	2860.349149942398	-310.52833852852484	5.452073097229004	40.783129930496216	None	0.0	2588.4746153354645	10.0	200	3.6372828483581543	0.05684804916381836	517	138	level	10983	15492
30	3003.8378467559814	-309.9426312577333	5.575782299041748	42.699949502944946	None	0.0	2718.7310647964478	10.0	200	2.2061052322387695	0.07280230522155762	525	140	level	11051	15773
31	3127.0856471061707	-309.5489253895155	5.687534809112549	44.504944801330566	None	0.0	2829.6751749515533	10.0	200	1.9578099250793457	0.046874046325683594	527	141	level	11108	16045
32	3252.984293937683	-309.3623389629802	5.777298450469971	46.280800580978394	None	0.0	2943.311022758484	10.0	200	2.281912088394165	0.048868417739868164	530	142	level	11139	16293
33	3359.2325110435486	-309.21526505063014	5.8581342697143555	48.03915619850159	None	0.0	3037.1599605083466	10.0	200	1.2277226448059082	0.0478215217590332	535	143	level	11158	16499
34	3476.011551141739	-309.1448961557932	5.9239606857299805	49.83793258666992	None	0.0	3141.546901702881	10.0	200	1.736351490020752	0.05784416198730469	536	144	level	11169	16718
35	3584.712132692337	-309.0886166879122	5.989819526672363	51.58166813850403	None	0.0	3237.746940612793	10.0	200	1.7273802757263184	0.06084251403808594	537	145	level	11178	16921
36	3600.074124097824	-309.07994079700416	6.034696340560913	51.83103275299072	None	0.0	3251.4034605026245	10.0	29	0.9733519554138184	0.1047661304473877	538	149	level	11179	16951
