BendersMethod=level	maxNcuts=10	tol=1e-06	gapTol=0.5	pi0Coef=1.0	timeLimit=3600	poolplus=False	LevelParam=0.01	mip=True	newn=True
1	58.251386642456055	-795.7837566066369	0.20351886749267578	0.0498967170715332	None	0.07383179664611816	50.46590256690979	1.8	50	1.625654697418213	0.1107025146484375	10	4	level	1046	215
2	81.42541909217834	-688.8403163052875	0.25434160232543945	0.11377525329589844	None	0.1716902256011963	71.98267650604248	2.86	50	0.83872389793396	0.07180976867675781	35	14	level	1192	356
3	113.83282160758972	-654.5937111659873	0.2732510566711426	0.22255873680114746	None	0.2893557548522949	103.07611227035522	3.94	50	1.5268828868865967	0.03789877891540527	47	20	level	1269	676
4	149.4087553024292	-632.5978252368387	0.3151376247406006	0.33530187606811523	None	0.4309659004211426	136.52039980888367	4.06	50	2.4534449577331543	0.03989434242248535	110	35	level	1391	932
5	186.84871196746826	-620.4081767782397	0.3271055221557617	0.501997709274292	None	0.6054928302764893	172.18141150474548	4.2	50	3.791865587234497	0.03586101531982422	129	43	level	1457	1219
6	225.13738679885864	-610.2567105732674	0.33608341217041016	0.65665602684021	None	0.8079912662506104	208.49996376037598	4.36	50	2.6529130935668945	0.042923927307128906	161	61	level	1523	1435
7	272.12680554389954	-602.20907402373	0.34406304359436035	0.8541715145111084	None	1.026484489440918	253.26587009429932	5.46	50	3.7510130405426025	0.10272693634033203	171	76	level	1582	1721
8	324.78008484840393	-591.488195288741	0.3579869270324707	1.056664228439331	None	1.2847771644592285	303.46530866622925	5.9	50	3.443796157836914	0.08377623558044434	192	89	level	1628	1941
9	415.1944487094879	-583.7304441529426	0.3699615001678467	1.2890963554382324	None	1.6120085716247559	391.07760977745056	7.42	50	4.634653329849243	0.11369824409484863	219	96	level	1677	2219
10	484.8891854286194	-579.5060559040371	0.3799307346343994	1.5675525665283203	None	2.1156117916107178	457.5890107154846	7.52	50	3.5525033473968506	0.047873735427856445	239	109	level	1716	2514
11	546.6401519775391	-574.3593193324758	0.39087605476379395	1.777097463607788	None	2.5006215572357178	516.1498153209686	7.24	50	3.6302974224090576	0.04687380790710449	265	135	level	1754	2735
12	612.2248704433441	-571.262201948796	0.4028050899505615	1.9715816974639893	None	3.015235185623169	578.3300588130951	7.4	50	5.573147296905518	0.03989458084106445	305	138	level	1796	2910
13	708.7997965812683	-568.9866530123587	0.41477322578430176	2.2050368785858154	None	3.430121421813965	671.375036239624	7.96	50	3.500683307647705	0.4797177314758301	316	142	level	1843	3163
14	783.4153823852539	-565.8133438376253	0.4287376403808594	2.392594814300537	None	3.9448814392089844	742.2949512004852	7.32	50	4.245615482330322	0.04887080192565918	343	165	level	1888	3296
15	865.3534345626831	-564.380651472792	0.44074034690856934	2.59708309173584	None	4.711789608001709	820.0162606239319	8.08	50	4.309481382369995	0.043884992599487305	366	178	level	1930	3468
16	933.9650266170502	-562.9655447626054	0.4507148265838623	2.796694278717041	None	5.535618305206299	884.382818698883	8.24	50	3.1316728591918945	0.046874046325683594	374	179	level	1971	3618
17	999.5477542877197	-561.6398779291754	0.4616866111755371	2.984193801879883	None	6.701460599899292	945.3483188152313	8.48	50	3.7509751319885254	0.045839786529541016	388	180	level	2008	3739
18	1084.2833335399628	-560.4157898815682	0.474651575088501	3.1746647357940674	None	8.334057092666626	1024.6778373718262	8.38	50	6.035828113555908	0.0468752384185791	401	184	level	2053	3863
19	1142.1695868968964	-559.9312311078353	0.48761749267578125	3.3562381267547607	None	9.53195858001709	1077.742402791977	7.98	50	4.989664316177368	0.04587602615356445	416	187	level	2084	3969
20	1196.7527120113373	-558.9595428197938	0.5025737285614014	3.5367515087127686	None	12.031265497207642	1126.0924973487854	8.66	50	4.155890703201294	0.05381894111633301	446	191	level	2118	4056
21	1251.3318848609924	-558.7563929576537	0.5125482082366943	3.7143232822418213	None	14.335049629211426	1174.6040852069855	8.4	50	3.8945529460906982	0.046875715255737305	455	192	level	2147	4155
22	1298.1756918430328	-558.3546676587468	0.52451491355896	3.887868881225586	None	16.69073796272278	1215.232007265091	8.74	50	4.84804105758667	0.049866437911987305	472	193	level	2175	4231
23	1337.1784496307373	-558.1233755912394	0.5344898700714111	4.047486066818237	None	21.940595626831055	1245.1655719280243	8.54	50	3.6961591243743896	0.04787111282348633	481	194	level	2193	4303
24	1372.8950040340424	-558.0260551000861	0.5444650650024414	4.215036392211914	None	25.58571434020996	1273.2608139514923	8.5	50	3.075735569000244	0.04787254333496094	482	195	level	2211	4373
25	1402.4070901870728	-557.8968465084099	0.554438591003418	4.3786585330963135	None	29.97904896736145	1294.4782621860504	8.54	50	3.204476833343506	0.04783320426940918	483	196	level	2225	4444
26	1429.0748391151428	-557.7974502178977	0.56441330909729	4.5491626262664795	None	32.34355926513672	1314.8422253131866	8.58	50	3.2622811794281006	0.05285906791687012	484	201	level	2238	4506
27	1449.70671749115	-557.7366238940747	0.5723934173583984	4.720731973648071	None	37.14561581611633	1326.6506824493408	8.6	50	2.157238006591797	0.049868106842041016	485	203	level	2248	4566
28	1474.5643050670624	-557.6425247601981	0.5833637714385986	4.894261598587036	None	42.97297644615173	1341.571997642517	8.5	50	2.486323833465576	0.04886960983276367	486	204	level	2259	4628
29	1493.635351896286	-557.5778752121574	0.5913434028625488	5.063771963119507	None	46.11066913604736	1353.362821340561	8.5	50	1.5548465251922607	0.05186152458190918	487	205	level	2267	4685
30	1515.4620370864868	-557.5235367272552	0.6003179550170898	5.229341983795166	None	51.42360806465149	1365.7470650672913	8.74	50	5.316793203353882	0.05086803436279297	488	206	level	2275	4740
31	1539.6494143009186	-557.4301180932309	0.6102917194366455	5.387937545776367	None	58.19152212142944	1379.0488994121552	8.82	50	4.869030952453613	0.049866676330566406	489	207	level	2281	4794
32	1559.7437267303467	-557.4054972860409	0.6172735691070557	5.5534985065460205	None	63.97214460372925	1389.239788532257	8.54	50	2.338792562484741	0.049866437911987305	490	208	level	2288	4854
33	1583.380574464798	-557.3915644643002	0.6232573986053467	5.7191002368927	None	70.88770961761475	1401.7685718536377	8.7	50	2.832470417022705	0.04886937141418457	491	209	level	2294	4910
34	1603.6334643363953	-557.3745360900233	0.6312382221221924	5.878716945648193	None	78.12546944618225	1410.653987646103	8.58	50	1.8440711498260498	0.047873735427856445	497	210	level	2300	4965
35	1617.750747680664	-557.334216304672	0.6402137279510498	6.053319692611694	None	84.6589879989624	1413.958301782608	8.66	50	0.9554474353790283	0.05189394950866699	498	211	level	2301	5015
36	1637.8799664974213	-557.3230813525425	0.6471943855285645	6.2208051681518555	None	91.41696500778198	1423.1470091342926	8.68	50	2.345731019973755	0.04986715316772461	499	212	level	2307	5069
37	1659.166098833084	-557.3100986810707	0.6561682224273682	6.385346174240112	None	98.75443243980408	1432.893187046051	8.74	50	2.1632184982299805	0.04787182807922363	500	213	level	2315	5125
38	1673.4060924053192	-557.3065294319499	0.6641561985015869	6.543951511383057	None	105.02663898468018	1436.7331929206848	8.7	50	2.0944037437438965	0.049869537353515625	501	214	level	2317	5176
39	1692.7733068466187	-557.3048432623516	0.6721370220184326	6.710514545440674	None	115.12249326705933	1441.82781124115	8.72	50	2.078444719314575	0.04787158966064453	502	215	level	2320	5229
40	1709.629268169403	-557.3033584195957	0.6780915260314941	6.868120908737183	None	123.41531538963318	1446.2541036605835	8.66	50	1.267611026763916	0.04687166213989258	503	216	level	2323	5280
41	1724.8057126998901	-557.3007503787139	0.684079647064209	7.027695894241333	None	130.83154296875	1449.8905062675476	8.76	50	1.3095018863677979	0.0468745231628418	504	217	level	2325	5331
42	1739.2949962615967	-557.2995195673707	0.6900646686553955	7.189239501953125	None	136.7297728061676	1454.138235092163	8.82	50	1.5069711208343506	0.049866676330566406	511	218	level	2328	5382
43	1751.750747680664	-557.2957657082221	0.697047233581543	7.352859735488892	None	140.90176272392273	1458.285192489624	8.78	50	2.3078324794769287	0.04986858367919922	512	219	level	2330	5433
44	1764.911544084549	-557.2935985088411	0.7030303478240967	7.506480932235718	None	147.0085642337799	1461.2005097866058	8.78	50	0.7260968685150146	0.0498661994934082	513	220	level	2331	5483
45	1777.8250818252563	-557.2932603622255	0.7110085487365723	7.665063142776489	None	152.97349166870117	1463.944321155548	8.66	50	1.0382237434387207	0.04683399200439453	514	221	level	2333	5533
46	1793.236894607544	-557.2915822863691	0.715996265411377	7.823607921600342	None	160.05363035202026	1467.979681968689	8.58	50	1.2646188735961914	0.04787254333496094	515	222	level	2335	5583
47	1806.5862324237823	-557.2915822863691	0.715996265411377	7.988126516342163	None	166.02263641357422	1471.1773211956024	8.8	50	1.1180119514465332	0.04687333106994629	516	223	level	2335	5633
