BendersMethod=level	maxNcuts=10	tol=1e-06	gapTol=1.0	pi0Coef=1.0	timeLimit=3600	poolplus=False	LevelParam=0.01	mip=False	newn=False
1	85.50138401985168	-1157.3765907205188	0.3161180019378662	0.28537964820861816	None	0.0	68.23655724525452	9.865	200	0.13862919807434082	0.025928258895874023	10	5	level	2932	561
2	100.98399329185486	-1132.3080347055204	0.4817531108856201	0.5737590789794922	None	0.0	78.06059718132019	9.91	200	0.3630654811859131	0.028936386108398438	23	8	level	3724	778
3	120.25650644302368	-1110.0762794849445	0.6822521686553955	0.9137320518493652	None	0.0	91.29185962677002	9.95	200	0.4278559684753418	0.03590559959411621	31	10	level	4488	1040
4	140.1283459663391	-1084.816812340597	0.8498039245605469	1.278794288635254	None	0.0	106.25493431091309	9.95	200	0.47069787979125977	0.03391313552856445	41	15	level	5144	1319
5	165.92937016487122	-1060.264052768187	1.0173580646514893	1.6616511344909668	None	0.0	126.87899947166443	9.95	200	1.158900260925293	0.03886079788208008	51	19	level	5765	1662
6	194.00634717941284	-1033.0831860024405	1.0642693042755127	2.0723354816436768	None	0.0	152.2405903339386	9.95	200	0.6572427749633789	0.04288887977600098	88	24	level	6065	2082
7	228.8082685470581	-1005.8106088418172	1.12015700340271	2.4995296001434326	None	0.0	184.13920831680298	9.95	200	1.0831072330474854	0.04085111618041992	103	31	level	6274	2506
8	270.7321915626526	-986.0623553332829	1.1750092506408691	2.9694297313690186	None	0.0	222.99657821655273	9.95	200	1.5039422512054443	0.042886972427368164	121	35	level	6472	2928
9	325.79700446128845	-967.162848517256	1.2308597564697266	3.48606014251709	None	0.0	274.61037158966064	9.95	200	1.7822353839874268	0.04886770248413086	139	42	level	6669	3417
10	392.86966943740845	-946.362625640469	1.3026690483093262	4.018553018569946	None	0.0	338.1832015514374	9.95	200	1.9667847156524658	0.052858591079711914	155	49	level	6872	3848
11	470.80033135414124	-936.1219865054179	1.3555285930633545	4.609054327011108	None	0.0	412.28489446640015	9.95	200	1.4850714206695557	0.045876264572143555	160	58	level	7059	4433
12	558.2545735836029	-927.9428044669033	1.403398036956787	5.227190732955933	None	0.0	495.70693707466125	9.95	200	1.763244390487671	0.07679247856140137	173	65	level	7249	4951
13	648.2688884735107	-921.3954146592403	1.4602460861206055	5.898354530334473	None	0.0	581.4475090503693	9.95	200	1.7922091484069824	0.061870574951171875	192	74	level	7439	5462
14	747.5344858169556	-915.1425313174494	1.5320472717285156	6.569453954696655	None	0.0	676.1921083927155	9.95	200	2.2918715476989746	0.05984044075012207	199	79	level	7617	5913
15	859.253725528717	-910.2989380416976	1.6118366718292236	7.275500059127808	None	0.0	783.1989231109619	9.95	200	3.0348856449127197	0.09275245666503906	209	90	level	7798	6327
16	968.907488822937	-905.4299288809597	1.6896278858184814	7.96570348739624	None	0.0	887.9948887825012	9.95	200	2.89924693107605	0.10172557830810547	222	96	level	7979	6708
17	1096.25892329216	-901.297020284716	1.7744100093841553	8.712579727172852	None	0.0	1010.2881853580475	9.95	200	2.2150766849517822	0.10567569732666016	235	99	level	8158	7175
18	1215.560885667801	-897.965331830254	1.8571949005126953	9.45936369895935	None	0.0	1124.3526928424835	9.95	200	1.81614351272583	0.13164615631103516	240	100	level	8330	7529
19	1354.7147579193115	-895.9713245696986	1.9299683570861816	10.249947309494019	None	0.0	1258.1431164741516	9.95	200	3.104696750640869	0.1326460838317871	243	103	level	8493	8060
20	1474.5213708877563	-893.7000529697586	2.0127131938934326	11.010986804962158	None	0.0	1372.5331423282623	9.95	200	2.013617992401123	0.13264775276184082	250	106	level	8655	8368
21	1603.3209347724915	-892.4811002999448	2.078538656234741	11.785749197006226	None	0.0	1495.7629878520966	9.95	200	2.132337808609009	0.10073065757751465	265	107	level	8799	8744
22	1736.0729155540466	-891.2642683388088	2.1423699855804443	12.53784441947937	None	0.0	1622.8708891868591	9.95	200	1.9717276096343994	0.18455123901367188	271	108	level	8931	9118
23	1835.6924710273743	-890.0699663993187	2.219208002090454	13.25201416015625	None	0.0	1716.837824344635	9.95	200	2.276909828186035	0.16456127166748047	284	109	level	9032	9360
24	1932.929361820221	-889.4651371837188	2.277052402496338	13.94983434677124	None	0.0	1808.4287626743317	9.95	200	1.4171829223632812	0.14760565757751465	288	110	level	9110	9609
25	2039.2769210338593	-888.9794913709885	2.332906723022461	14.656686305999756	None	0.0	1908.929027557373	9.95	200	2.0355563163757324	0.17154240608215332	299	111	level	9170	9860
26	2136.0131900310516	-888.6487615184102	2.3788206577301025	15.36460828781128	None	0.0	1999.8140606880188	9.95	200	1.948798656463623	0.18849420547485352	303	112	level	9205	10090
27	2224.091611623764	-888.4848627906252	2.4207117557525635	16.04459285736084	None	0.0	2082.1300048828125	9.95	200	1.1379196643829346	0.18346619606018066	312	113	level	9227	10296
28	2309.909082889557	-888.4333233149459	2.4546589851379395	16.717748165130615	None	0.0	2162.1430752277374	9.95	200	1.211759090423584	0.17253947257995605	316	114	level	9237	10497
29	2397.230532169342	-888.4194003271267	2.475606679916382	17.405810356140137	None	0.0	2243.6341054439545	9.95	200	0.9863629341125488	0.1795196533203125	320	115	level	9239	10697
30	2486.93261218071	-888.3978420572444	2.5005810260772705	18.098073720932007	None	0.0	2327.4165046215057	9.95	200	1.2187411785125732	0.1735367774963379	322	116	level	9241	10897
31	2574.1972143650055	-888.3881643829327	2.524519920349121	18.788137912750244	None	0.0	2408.834627389908	9.95	200	1.225679636001587	0.17453360557556152	325	117	level	9242	11099
32	2660.305906534195	-888.3881643829327	2.524519920349121	19.469085216522217	None	0.0	2489.0551176071167	9.95	200	0.990361213684082	0.17849016189575195	327	118	level	9242	11299
