BendersMethod=level	maxNcuts=5	tol=1e-06	gapTol=0.5	pi0Coef=1.0	timeLimit=3600	poolplus=False	LevelParam=0.01	mip=False	newn=False
1	26.483221530914307	-805.1921662078493	0.14362812042236328	0.0696878433227539	None	0.0	19.543590307235718	5.0	50	0.18550348281860352	0.055832862854003906	10	5	level	924	236
2	32.03837490081787	-788.0359180209811	0.17757129669189453	0.15547418594360352	None	0.0	23.868541955947876	5.0	50	0.2353684902191162	0.045916080474853516	25	9	level	1049	338
3	41.74842429161072	-765.0752396250728	0.23940634727478027	0.2612273693084717	None	0.0	31.432052850723267	5.0	50	0.42282676696777344	0.04487967491149902	35	17	level	1298	487
4	58.4637508392334	-725.1528741387149	0.3042299747467041	0.38704824447631836	None	0.0	46.02595925331116	5.0	50	1.0122931003570557	0.10970664024353027	58	21	level	1543	645
5	79.38284349441528	-669.6432844537732	0.3621096611022949	0.5306441783905029	None	0.0	65.05225920677185	5.0	50	1.4401910305023193	0.11768674850463867	92	35	level	1706	836
6	109.87934064865112	-651.7106758325564	0.43096303939819336	0.7062044143676758	None	0.0	93.4219274520874	5.0	50	2.0315706729888916	0.1774883270263672	118	48	level	1909	1075
7	131.6741292476654	-646.2078496137356	0.4359860420227051	0.9016311168670654	None	0.0	114.11590504646301	5.0	50	1.5907890796661377	0.11469411849975586	129	72	level	1959	1304
8	171.94347071647644	-633.9854302467867	0.4489889144897461	1.1100165843963623	None	0.0	153.15173411369324	5.0	50	2.3477261066436768	0.03690171241760254	155	94	level	2009	1551
9	224.59675121307373	-628.2537377066777	0.4569683074951172	1.3393528461456299	None	0.0	204.44223809242249	5.0	50	2.90822696685791	0.173537015914917	195	105	level	2053	1787
10	261.9309730529785	-623.9058690847672	0.46694016456604004	1.5508244037628174	None	0.0	240.43076395988464	5.0	50	1.6715335845947266	0.042885780334472656	213	117	level	2101	1922
11	289.6519265174866	-621.2346430472933	0.4769120216369629	1.7532124519348145	None	0.0	266.7840008735657	5.0	50	1.4521195888519287	0.03985786437988281	233	128	level	2137	2021
12	318.3332345485687	-619.0880545100455	0.48592472076416016	1.9465551376342773	None	0.0	294.1057884693146	5.0	50	1.4850313663482666	0.03989243507385254	238	130	level	2172	2113
13	341.76461124420166	-618.0182698736361	0.49294137954711914	2.146024465560913	None	0.0	316.15828943252563	5.0	50	1.3952722549438477	0.04188847541809082	246	136	level	2202	2194
14	362.83430314064026	-617.6008825507862	0.4989602565765381	2.3494338989257812	None	0.0	335.7687318325043	5.0	50	1.1150460243225098	0.041887760162353516	251	137	level	2217	2255
15	380.08320331573486	-617.4565020840937	0.503983736038208	2.5328688621520996	None	0.0	351.63605546951294	5.0	50	0.6462304592132568	0.039893388748168945	254	138	level	2224	2307
16	396.9122257232666	-617.3581005156713	0.50797438621521	2.7243456840515137	None	0.0	367.0723705291748	5.0	50	0.6233341693878174	0.04185295104980469	257	139	level	2226	2358
17	414.7206332683563	-617.3373222474595	0.5119986534118652	2.918654203414917	None	0.0	383.45924520492554	5.0	50	0.8367295265197754	0.042848825454711914	259	140	level	2230	2409
18	431.1946039199829	-617.3373222474595	0.5119986534118652	3.1129329204559326	None	0.0	398.5307791233063	5.0	50	0.5744636058807373	0.040924787521362305	262	141	level	2230	2459
