BendersMethod=level	maxNcuts=10	tol=1e-06	gapTol=0.5	pi0Coef=1.0	timeLimit=7200	poolplus=False	LevelParam=0.01	mip=True	newn=True
1	188.7785449028015	-1167.5949854571447	0.25720930099487305	0.18075108528137207	None	0.2655820846557617	170.61667585372925	6.845	200	0.9015908241271973	0.24738335609436035	10	4	level	2403	709
2	279.12715578079224	-1025.9445761104835	0.3190879821777344	0.33829569816589355	None	0.5850348472595215	257.8722417354584	6.435	200	0.8267543315887451	0.18845462799072266	24	11	level	2732	910
3	356.16423082351685	-956.2828996757393	0.3749730587005615	0.568732738494873	None	0.9065275192260742	331.21261167526245	5.455	200	1.174898624420166	0.0348663330078125	30	14	level	3019	1399
4	471.3584032058716	-939.2310718236971	0.4118316173553467	0.9075860977172852	None	1.3356516361236572	442.0974750518799	4.875	200	2.903238296508789	0.05886983871459961	54	20	level	3267	2198
5	608.477944612503	-917.7345342350275	0.45674729347229004	1.2908480167388916	None	1.7846829891204834	574.4615607261658	5.705	200	3.954472303390503	0.03394746780395508	75	23	level	3467	2877
6	760.6931381225586	-907.6344890538976	0.4936845302581787	1.7342119216918945	None	2.2822041511535645	721.2286524772644	5.945	200	3.219388246536255	0.03191566467285156	105	38	level	3638	3624
7	976.9601147174835	-896.543852472864	0.5326213836669922	2.2733957767486572	None	2.901829957962036	931.1254646778107	6.65	200	6.457741022109985	0.03690052032470703	122	44	level	3821	4296
8	1137.0323128700256	-890.5950763997844	0.5694775581359863	2.76000714302063	None	3.4864466190338135	1084.6372005939484	6.48	200	2.83937406539917	0.033908843994140625	149	59	level	3993	4957
9	1371.7211346626282	-885.4193309543248	0.6153936386108398	3.275590658187866	None	4.095014333724976	1312.239485502243	6.89	200	3.9165329933166504	0.039929866790771484	166	63	level	4183	5505
10	1589.6497914791107	-883.3922425346942	0.6582739353179932	3.9023842811584473	None	4.7224040031433105	1522.5645945072174	7.09	200	3.8796749114990234	0.03494119644165039	171	74	level	4344	6224
11	1799.9209578037262	-880.8540722018156	0.7131633758544922	4.467650651931763	None	5.448642253875732	1724.8594379425049	7.54	200	5.9810192584991455	0.035903215408325195	189	82	level	4519	6683
12	1964.0304675102234	-879.5871533613474	0.7580842971801758	4.9999566078186035	None	6.182039022445679	1880.8474171161652	7.5025906735751295	193	3.1146371364593506	0.03490114212036133	205	85	level	4656	7097
13	2121.1446344852448	-879.1004055954572	0.7940232753753662	5.544581890106201	None	7.048398733139038	2029.4232530593872	7.883838383838384	198	3.0857150554656982	0.03690028190612793	206	86	level	4789	7481
14	2284.493106842041	-878.3991891687488	0.850872278213501	6.101228713989258	None	7.903992652893066	2184.2001972198486	8.057291666666666	192	3.795858383178711	0.036940813064575195	207	87	level	4938	7815
ObjVal: -873.8049773880002	ObjBnd: -873.8049773880002	BnCTime: 36.8634614944458	No. of MIP solns: 20	BendersTime: 21.70233178138733	RecourseTime: 7.43770170211792	TotalTime: 2321.36857008934
