BendersMethod=level	maxNcuts=5	tol=1e-06	gapTol=0.5	pi0Coef=1.0	timeLimit=3600	poolplus=False	LevelParam=0.01	mip=True	newn=True
1	78.17777442932129	-428.3386440946167	1.414266586303711	0.08582472801208496	None	0.10976815223693848	49.651819944381714	2.46	50	1.268620252609253	0.2014613151550293	10	5	level	1323	252
2	112.56070923805237	-411.0919978568826	1.4501290321350098	0.2074604034423828	None	0.3343160152435303	81.93330097198486	3.48	50	1.5678441524505615	0.2702808380126953	35	10	level	1403	525
3	151.5123405456543	-406.35842427728153	1.4780142307281494	0.3879411220550537	None	0.6834735870361328	118.08865904808044	3.7	50	2.8794846534729004	0.2266542911529541	68	26	level	1480	867
4	195.58475971221924	-398.2103670104806	1.6475918292999268	0.6082749366760254	None	1.5629525184631348	157.29307508468628	4.28	50	1.9434680938720703	0.3038947582244873	123	44	level	1601	1185
5	250.67129182815552	-391.29937290059934	1.6904792785644531	0.8584988117218018	None	3.6078600883483887	206.80537962913513	4.82	50	2.4929261207580566	0.05086350440979004	155	58	level	1669	1485
6	299.21677565574646	-386.68248359493674	1.7263526916503906	1.1309006214141846	None	5.058551788330078	249.82609605789185	4.34	50	3.276441812515259	0.05605769157409668	188	66	level	1736	1803
7	357.1925024986267	-383.81894848871997	1.7622168064117432	1.4411628246307373	None	7.315252780914307	300.9592924118042	4.66	50	3.18873929977417	0.19181227684020996	209	84	level	1798	2092
8	414.03301072120667	-379.33353460610164	1.8060603141784668	1.7922453880310059	None	11.550708293914795	348.4333465099335	4.76	50	2.599019765853882	0.3610367774963379	256	99	level	1848	2338
9	472.8337800502777	-374.52259603567353	1.8489575386047363	2.155715227127075	None	17.69563341140747	395.60423374176025	4.96	50	2.3298144340515137	0.06487321853637695	271	112	level	1892	2553
10	551.2263131141663	-371.94497200817204	1.8828668594360352	2.536855697631836	None	26.41127586364746	459.26026582717896	4.94	50	3.2822372913360596	0.06586885452270508	298	116	level	1938	2770
11	627.2892146110535	-368.02093158003834	1.9187703132629395	2.9478724002838135	None	39.43892025947571	515.9358472824097	4.88	50	3.2870078086853027	0.08444857597351074	321	131	level	1982	2963
12	697.7839045524597	-367.0653366047216	1.943742036819458	3.3267996311187744	None	54.22674751281738	564.9894676208496	4.9	50	2.9186768531799316	0.06785225868225098	327	132	level	2021	3142
13	780.6001353263855	-365.88937318387553	1.9756197929382324	3.722623348236084	None	77.55114769935608	617.6642713546753	4.88	50	3.1665828227996826	0.068817138671875	346	146	level	2061	3311
14	859.8417682647705	-364.8279039836665	2.0035457611083984	4.164292335510254	None	91.53945446014404	675.674033164978	4.88	50	2.769605875015259	0.24430441856384277	360	147	level	2104	3486
15	953.6908595561981	-363.76344614070484	2.0335021018981934	4.594114780426025	None	126.20063781738281	727.1969227790833	4.88	50	4.59604811668396	0.07978653907775879	385	171	level	2144	3647
16	1042.443032026291	-363.1884737659436	2.0624239444732666	5.008953094482422	None	157.29542326927185	777.0196387767792	4.88	50	2.784996271133423	0.08409404754638672	394	175	level	2178	3788
17	1141.0553369522095	-362.53688092813286	2.091329574584961	5.392539739608765	None	200.0922532081604	824.8706524372101	4.673469387755102	49	2.7187366485595703	0.08775687217712402	412	184	level	2218	3918
18	1267.207827091217	-362.0503895214837	2.1182923316955566	5.793505430221558	None	264.6718010902405	878.2054212093353	4.66	50	4.8290932178497314	0.08389949798583984	424	187	level	2255	4043
19	1383.4860417842865	-361.78115747776013	2.143186330795288	6.208216905593872	None	329.08747386932373	921.6694173812866	4.72	50	2.8454227447509766	0.08676838874816895	441	196	level	2290	4164
20	1502.87486577034	-361.35189401166036	2.1711113452911377	6.56836199760437	None	406.78956413269043	955.0191848278046	4.5	48	6.8735809326171875	0.08781719207763672	449	204	level	2315	4248
21	1622.3550245761871	-361.1623665293534	2.197080135345459	6.904369354248047	None	491.846595287323	980.9677956104279	4.541666666666667	48	2.753628969192505	0.08477163314819336	456	209	level	2337	4328
22	1775.8309166431427	-360.9792005379439	2.226999521255493	7.286592721939087	None	602.4223279953003	1013.9380669593811	4.551020408163265	49	3.1266674995422363	0.09275174140930176	463	210	level	2358	4419
23	1910.432327747345	-360.8218717685917	2.2509703636169434	7.682925462722778	None	692.3819422721863	1048.8448903560638	4.6	50	5.1925458908081055	0.09179949760437012	464	213	level	2382	4497
24	2049.581047773361	-360.77079592981136	2.272948741912842	8.017017841339111	None	806.0196290016174	1065.4157383441925	4.5	48	4.019238471984863	0.08268117904663086	473	214	level	2393	4561
25	2173.6165075302124	-360.6708201968889	2.294889450073242	8.338194131851196	None	908.5487542152405	1078.1689126491547	4.5	48	1.9398167133331299	0.08976483345031738	474	215	level	2405	4620
26	2308.5097172260284	-360.57954753228756	2.320817708969116	8.662339210510254	None	1018.201464176178	1094.2396986484528	4.428571428571429	49	2.1761817932128906	0.09275174140930176	475	215	level	2418	4679
27	2462.0519292354584	-360.5478685574202	2.345752477645874	8.99141240119934	None	1148.5668187141418	1107.8809039592743	4.489795918367347	49	1.9338600635528564	0.08975839614868164	483	217	level	2428	4741
28	2595.118685722351	-360.5278924812848	2.366663932800293	9.307538270950317	None	1263.4448306560516	1116.7173628807068	4.469387755102041	49	1.7494325637817383	0.08760452270507812	484	218	level	2435	4796
29	2735.9719092845917	-360.49928712767127	2.3886377811431885	9.62565279006958	None	1378.8155789375305	1132.5626754760742	4.446808510638298	47	2.6185085773468018	0.09275078773498535	485	216	level	2447	4856
30	2875.268733739853	-360.4546374338555	2.410611629486084	9.930831670761108	None	1498.171841621399	1143.3949089050293	4.446808510638298	47	3.8135364055633545	0.08677101135253906	486	219	level	2452	4906
31	3005.880572795868	-360.4233392029983	2.435547113418579	10.22411036491394	None	1612.7307524681091	1150.4293286800385	4.469387755102041	49	1.004317045211792	0.08577322959899902	487	217	level	2459	4959
32	3120.2361755371094	-360.4032321693879	2.4564924240112305	10.503392219543457	None	1712.4756002426147	1156.081915140152	4.425531914893617	47	1.3027334213256836	0.08012533187866211	488	221	level	2464	5011
33	3232.332492828369	-360.39425344834194	2.478436231613159	10.756759643554688	None	1812.0487146377563	1159.556625843048	4.304347826086956	46	0.8477625846862793	0.07879424095153809	489	218	level	2465	5060
34	3358.046627521515	-360.3842803666437	2.5004143714904785	11.055951356887817	None	1917.6228363513947	1170.3038325309753	4.434782608695652	46	2.160285234451294	0.0897216796875	490	223	level	2472	5110
35	3481.4811568260193	-360.38248691893295	2.518406391143799	11.343122720718384	None	2019.5284860134125	1182.5647807121277	4.395833333333333	48	3.0907716751098633	0.0877692699432373	491	224	level	2479	5166
36	3600.0471799373627	-360.3817576747996	2.536395788192749	11.504692077636719	None	2125.1760098934174	1188.2668862342834	4.326086956521739	30	1.8620307445526123	0.08581805229187012	507	219	level	2482	5197
