BendersMethod=level	maxNcuts=3	tol=1e-06	gapTol=0.5	pi0Coef=1.0	timeLimit=3600	poolplus=False	LevelParam=0.01	mip=True	newn=True
1	74.16707968711853	-544.7865544729626	0.5157055854797363	0.10758137702941895	None	0.13171982765197754	62.23754930496216	2.64	50	1.9468014240264893	0.42282962799072266	10	5	level	1071	277
2	111.7374107837677	-512.3941008270706	0.686272144317627	0.2022867202758789	None	1.036036491394043	95.6272361278534	3.0	50	1.8909106254577637	0.21737909317016602	37	13	level	1254	492
3	160.07385802268982	-504.793584551701	0.8108663558959961	0.34081244468688965	None	1.6860895156860352	139.9195020198822	2.82	50	3.820157051086426	0.13412189483642578	67	25	level	1377	736
4	216.5112464427948	-499.34253272733724	0.9804220199584961	0.5402328968048096	None	3.4891932010650635	190.0419318675995	2.98	50	5.692303895950317	0.22408747673034668	90	42	level	1508	962
5	259.25782203674316	-496.4977556827466	1.007312297821045	0.7088139057159424	None	5.774574279785156	227.0742530822754	3.0	50	3.3679981231689453	0.22041106224060059	122	55	level	1563	1183
6	307.8206400871277	-491.5047515034969	1.0282068252563477	0.8763136863708496	None	9.000131845474243	268.8898515701294	2.96	50	3.109255313873291	0.14981770515441895	140	70	level	1619	1389
7	351.6608943939209	-489.3527826810028	1.0431668758392334	1.070343017578125	None	12.420437097549438	305.14778661727905	2.98	50	4.5241053104400635	0.13467669486999512	149	72	level	1658	1585
8	417.7735276222229	-486.1692205646049	1.0621485710144043	1.2867369651794434	None	19.22953200340271	358.9531047344208	3.0	50	3.523655414581299	0.21941614151000977	165	92	level	1700	1743
9	483.3877019882202	-482.5601539355488	1.0820951461791992	1.494126319885254	None	26.388000011444092	411.7761137485504	2.94	50	4.4251792430877686	0.12211918830871582	193	100	level	1740	1882
10	544.4279038906097	-480.4845198114996	1.0970892906188965	1.7026174068450928	None	34.759267807006836	459.0420536994934	2.98	50	3.2329676151275635	0.21941232681274414	205	107	level	1776	2036
11	608.4450571537018	-478.6094268332896	1.1130084991455078	1.9159533977508545	None	44.008846044540405	508.37890625	2.96	50	2.9321649074554443	0.10767602920532227	217	115	level	1811	2174
12	690.976747751236	-476.51446290824373	1.133988618850708	2.128653049468994	None	53.894773721694946	575.7718183994293	2.96	50	3.99013090133667	0.2392427921295166	231	122	level	1853	2299
13	755.0657546520233	-476.065812891017	1.14998459815979	2.32710337638855	None	70.94550895690918	617.1488077640533	2.94	50	3.2264010906219482	0.06791996955871582	241	125	level	1884	2417
14	832.0363285541534	-475.10704176990413	1.1659750938415527	2.5406391620635986	None	87.81035304069519	671.5044097900391	2.94	50	4.042212009429932	0.0758371353149414	243	129	level	1918	2516
15	906.4103775024414	-474.43919384050895	1.1869218349456787	2.753019332885742	None	111.62508296966553	715.0410673618317	2.9791666666666665	48	3.5826358795166016	0.10276317596435547	248	130	level	1946	2609
16	971.494476556778	-474.22037400275593	1.2019147872924805	2.941436290740967	None	138.53055810928345	746.9858248233795	2.857142857142857	49	2.6050429344177246	0.07167434692382812	253	137	level	1964	2690
17	1031.7699761390686	-473.82273944765313	1.2178711891174316	3.106198310852051	None	165.23669481277466	775.0795409679413	2.9347826086956523	46	1.921825647354126	0.07276558876037598	260	146	level	1988	2768
18	1091.4416568279266	-473.60648551212336	1.2327985763549805	3.266771078109741	None	192.71448850631714	802.039877653122	2.9555555555555557	45	3.2383980751037598	0.07181000709533691	271	148	level	2012	2833
19	1143.4389753341675	-473.4540885397006	1.2457630634307861	3.423311948776245	None	222.38194131851196	819.0127251148224	2.9302325581395348	43	1.2875592708587646	0.07579755783081055	271	149	level	2026	2891
20	1196.6312108039856	-473.3775667990504	1.266709327697754	3.566793441772461	None	253.36610102653503	835.5277781486511	2.9069767441860463	43	1.2965354919433594	0.07280421257019043	278	150	level	2040	2941
21	1248.5903770923615	-473.33691317854	1.2806642055511475	3.7093353271484375	None	287.90076661109924	847.0646336078644	2.8461538461538463	39	1.3723325729370117	0.06985759735107422	283	151	level	2047	2988
22	1307.1897704601288	-473.3089724488596	1.2955856323242188	3.8509209156036377	None	322.3103036880493	865.8227553367615	2.8947368421052633	38	2.641463041305542	0.0746910572052002	284	152	level	2059	3037
23	1356.5985612869263	-473.24508862533554	1.3085174560546875	3.964244842529297	None	354.86383390426636	877.369010925293	2.8378378378378377	37	1.0489754676818848	0.06885480880737305	285	156	level	2066	3076
24	1406.1343610286713	-473.2074730834919	1.3224782943725586	4.0939836502075195	None	386.2992467880249	890.2594673633575	2.861111111111111	36	1.6175642013549805	0.07085061073303223	288	166	level	2076	3121
25	1447.5286207199097	-473.17543447787733	1.332451343536377	4.189806938171387	None	417.2452754974365	895.8622188568115	2.735294117647059	34	0.7643563747406006	0.059842586517333984	294	175	level	2079	3155
26	1488.8191940784454	-473.1600441097742	1.3453805446624756	4.2824811935424805	None	447.5368013381958	902.293215751648	2.7666666666666666	30	1.243640661239624	0.06922793388366699	295	158	level	2083	3187
27	1535.4807703495026	-473.1440285266166	1.3593063354492188	4.386131286621094	None	479.0825090408325	912.3714666366577	2.7567567567567566	37	1.2566196918487549	0.07376313209533691	301	159	level	2090	3230
28	1575.8984005451202	-473.13151090819497	1.3722732067108154	4.467958211898804	None	509.49239468574524	917.7682952880859	2.689655172413793	29	0.8776354789733887	0.06582975387573242	306	161	level	2093	3267
29	1615.4997262954712	-473.13148693248354	1.3831965923309326	4.56392765045166	None	539.8688855171204	922.1383850574493	2.7419354838709675	31	0.9235334396362305	0.07085037231445312	307	163	level	2094	3298
30	1656.5868022441864	-473.13148693248354	1.3841946125030518	4.644679307937622	None	571.4154710769653	927.0303456783295	2.8275862068965516	29	0.9286134243011475	0.06785774230957031	308	165	level	2094	3328
