BendersMethod=level	tol=1e-06	gapTol=1.0	pi0Coef=1.0	timeLimit=3600
1	33.73589038848877	-445.38672749385194	0.3390934467315674	0.13270330429077148	0.3350679874420166	None	22.19283103942871	None	50	0.3141598701477051	0.10671377182006836	None	None	level	1010	217
2	41.98584485054016	-438.2294844446828	0.40392041206359863	0.2904317378997803	0.8426284790039062	None	28.30864667892456	None	50	0.5515248775482178	0.0767970085144043	None	None	level	1150	354
3	55.14567852020264	-431.865555332681	0.4807157516479492	0.5747170448303223	2.195523738861084	None	38.10606813430786	None	50	1.0012915134429932	0.08178067207336426	None	None	level	1296	570
4	70.23432326316833	-426.07981879462443	0.5555117130279541	0.9308826923370361	4.141844034194946	None	49.09904432296753	None	50	0.8317770957946777	0.08177828788757324	None	None	level	1420	791
5	88.88056874275208	-419.3866544609607	0.5744569301605225	1.433699131011963	7.234887361526489	None	63.017930030822754	None	50	1.6854963302612305	0.09075736999511719	None	None	level	1490	1035
6	110.64138722419739	-412.94028738026583	0.5904138088226318	2.0113415718078613	11.919763803482056	None	78.24707961082458	None	50	1.4920141696929932	0.09371733665466309	None	None	level	1554	1287
7	137.06680917739868	-406.08429887304123	0.6053750514984131	2.746540069580078	18.917991161346436	None	95.50384879112244	None	50	1.9128875732421875	0.0967404842376709	None	None	level	1613	1559
8	167.24613094329834	-399.8420309383003	0.6193375587463379	3.631300449371338	27.79386615753174	None	114.28823184967041	None	50	1.5209362506866455	0.10967540740966797	None	None	level	1668	1850
9	204.27519416809082	-394.5241921134654	0.6332988739013672	4.67951226234436	41.128013134002686	None	135.14899325370789	None	50	2.165252923965454	0.12067699432373047	None	None	level	1720	2157
10	239.47616744041443	-388.8345542467829	0.6472582817077637	5.689818382263184	54.08724927902222	None	154.4908676147461	None	50	3.842698097229004	0.1117396354675293	None	None	level	1774	2423
11	267.039589881897	-384.2780979261475	0.6572303771972656	6.539563894271851	62.763206481933594	None	170.61681151390076	None	50	1.5289161205291748	0.121673583984375	None	None	level	1824	2619
12	306.27773809432983	-379.189708387432	0.673189640045166	7.630812168121338	76.83781862258911	None	192.40183210372925	None	50	2.26491379737854	0.17157912254333496	None	None	level	1874	2850
13	353.1375210285187	-372.59126214515373	0.6841599941253662	8.925432443618774	94.90469217300415	None	217.54065418243408	None	50	3.8526978492736816	0.17353415489196777	None	None	level	1924	3102
14	392.9501645565033	-369.46044654797254	0.69516921043396	10.120235204696655	110.68892741203308	None	238.0007872581482	None	50	2.1303069591522217	0.18650221824645996	None	None	level	1974	3327
15	425.2289273738861	-363.6134227079579	0.7121236324310303	11.098877668380737	121.27415728569031	None	256.34221148490906	None	50	2.09037446975708	0.1685495376586914	None	None	level	2024	3489
16	476.72127628326416	-360.55800075693304	0.7270829677581787	12.583609819412231	141.39059710502625	None	283.5214262008667	None	50	3.2074286937713623	0.17154240608215332	None	None	level	2074	3724
17	520.9162390232086	-356.46938135139214	0.7420425415039062	13.889134407043457	157.68321084976196	None	307.3875906467438	None	50	3.212414026260376	0.18853425979614258	None	None	level	2124	3914
18	570.6333303451538	-353.0473352987734	0.7559690475463867	15.350926160812378	178.2421157360077	None	332.1548674106598	None	50	2.805501699447632	0.1974339485168457	None	None	level	2174	4113
19	633.1034150123596	-349.51263371081166	0.773921012878418	17.06342625617981	202.95708322525024	None	364.9902038574219	None	50	4.716429710388184	0.2204127311706543	None	None	level	2224	4333
20	691.3577258586884	-346.43700644122816	0.7908744812011719	18.70582866668701	228.8274643421173	None	392.46358609199524	None	50	4.568754196166992	0.21944928169250488	None	None	level	2274	4537
21	753.927050113678	-344.2710495151233	0.8088257312774658	20.51937770843506	257.55315351486206	None	421.0660881996155	None	50	4.544888019561768	0.279252290725708	None	None	level	2324	4754
22	812.8694865703583	-339.18784605472547	0.8287725448608398	22.081101179122925	281.1369435787201	None	451.3587815761566	None	50	3.131664514541626	0.26329684257507324	None	None	level	2374	4933
23	878.6028096675873	-336.3883176665976	0.8487207889556885	23.928178548812866	307.99769282341003	None	484.7373163700104	None	50	3.859684705734253	0.23636889457702637	None	None	level	2424	5132
24	945.0348117351532	-332.0729936606497	0.8746511936187744	25.6786687374115	335.40889978408813	None	518.204883813858	None	50	4.26959490776062	0.23936033248901367	None	None	level	2474	5312
25	1053.7482380867004	-330.0178956765373	0.8916079998016357	28.11718440055847	387.85170340538025	None	567.8919017314911	None	50	8.372621536254883	0.27526259422302246	None	None	level	2524	5559
26	1150.387995481491	-327.5750575011317	0.9145464897155762	30.180793285369873	431.7736804485321	None	614.447231054306	None	50	6.650261640548706	0.30517148971557617	None	None	level	2574	5766
27	1244.872064590454	-325.05277446295486	0.9395148754119873	32.23466753959656	476.68811893463135	None	657.6958494186401	None	50	5.041486978530884	0.2961750030517578	None	None	level	2624	5964
28	1364.692842245102	-323.35866921874435	0.9584629535675049	34.83695721626282	528.7016909122467	None	718.4108326435089	None	50	14.808423042297363	0.4497945308685303	None	None	level	2674	6208
29	1473.012861251831	-321.02876942488933	0.9953656196594238	36.9655864238739	579.2855398654938	None	769.418370962143	None	50	8.703773260116577	0.2483365535736084	None	None	level	2724	6401
30	1583.3050689697266	-318.9403227480509	1.0202984809875488	39.138012409210205	623.5976898670197	None	828.4628698825836	None	50	11.586997509002686	0.3091764450073242	None	None	level	2774	6598
31	1700.2312593460083	-316.78854931608583	1.0432438850402832	41.678364515304565	673.9792773723602	None	887.6104490756989	None	50	9.520550966262817	0.3550858497619629	None	None	level	2824	6826
32	1809.323737859726	-314.3104935585974	1.0691745281219482	43.86573004722595	711.0973267555237	None	952.4250655174255	None	50	17.37453055381775	0.21146702766418457	None	None	level	2874	7019
33	1917.9699544906616	-312.9059301929319	1.0901198387145996	46.14979076385498	742.3776867389679	None	1022.4645204544067	None	50	16.033151626586914	0.20249176025390625	None	None	level	2924	7217
34	2021.2060911655426	-310.244934287407	1.114055871963501	48.31022906303406	770.9047510623932	None	1089.8382012844086	None	50	11.466355800628662	0.4138979911804199	None	None	level	2974	7400
35	2155.3166360855103	-308.5905743455186	1.1379923820495605	51.06034183502197	817.4483189582825	None	1169.1579115390778	None	50	21.659115314483643	0.5764245986938477	None	None	level	3024	7636
36	2275.389787912369	-306.78123227397157	1.15993332862854	53.48917770385742	846.4840531349182	None	1252.2904918193817	None	50	16.5936541557312	0.3271608352661133	None	None	level	3074	7842
37	2403.8783988952637	-305.77321260207975	1.1818740367889404	56.18299746513367	882.8097622394562	None	1336.0828816890717	None	50	17.82935070991516	0.6093692779541016	None	None	level	3124	8071
38	2517.054509162903	-303.99291438400724	1.2117950916290283	58.35043025016785	905.4300725460052	None	1418.699146747589	None	50	11.505250453948975	0.5475378036499023	None	None	level	3174	8243
39	2643.9045085906982	-302.65187410709547	1.2337303161621094	61.77666187286377	947.0922644138336	None	1494.4302892684937	None	50	8.410563468933105	0.634307861328125	None	None	level	3224	8530
40	2774.3261234760284	-302.0207751478757	1.2536780834197998	64.12555384635925	971.746738910675	None	1591.869472503662	None	50	19.100951671600342	0.6572473049163818	None	None	level	3274	8713
41	2898.4177074432373	-299.97574967883116	1.2806055545806885	66.34588265419006	989.4940764904022	None	1689.9834568500519	None	50	10.068366050720215	0.43783092498779297	None	None	level	3324	8882
42	3034.022782564163	-298.6992948549324	1.3015503883361816	68.75862693786621	1010.4599959850311	None	1795.968948841095	None	50	19.679890871047974	0.5066115856170654	None	None	level	3374	9073
43	3194.1448221206665	-297.6200114066488	1.3265233039855957	71.36490941047668	1042.8669073581696	None	1914.753746509552	None	50	10.884909868240356	0.5864672660827637	None	None	level	3424	9270
44	3353.0383524894714	-296.4687214822502	1.3504607677459717	74.49679040908813	1078.199224472046	None	2028.3914320468903	None	50	11.836326122283936	0.91758131980896	None	None	level	3474	9505
45	3518.3789863586426	-295.35900432980566	1.3763926029205322	76.92439317703247	1095.6021046638489	None	2167.282457590103	None	50	14.677766799926758	0.8806807994842529	None	None	level	3524	9684
46	3600.071624517441	-294.7883927352019	1.4003233909606934	77.84491848945618	1103.1190853118896	None	2237.939502954483	None	21	10.748270273208618	1.1648519039154053	None	None	level	3544	9756
