BendersMethod=level	maxNcuts=20	tol=1e-06	gapTol=0.5	pi0Coef=1.0	timeLimit=3600	poolplus=False	LevelParam=0.01	mip=False	newn=True
1	74.28335189819336	-440.86007268012287	0.4428110122680664	0.13531494140625	None	0.0	61.68047308921814	14.86	50	1.5573115348815918	0.2792520523071289	10	5	level	1043	275
2	120.1321611404419	-416.75985422623006	0.6403112411499023	0.35376977920532227	None	0.0	102.71427345275879	18.92	50	1.9428958892822266	0.23841118812561035	40	8	level	1232	559
3	173.14928317070007	-409.2756444883756	0.6692342758178711	0.7348208427429199	None	0.0	153.5550241470337	19.46	50	3.120216131210327	0.27651166915893555	97	21	level	1306	1001
4	237.86541533470154	-401.8936808893635	0.6991534233093262	1.239487886428833	None	0.0	215.57689952850342	19.46	50	3.93454909324646	0.3555138111114502	130	46	level	1371	1480
5	307.25912857055664	-394.66665562228275	0.731095552444458	1.822896957397461	None	0.0	281.96897315979004	19.46	50	3.7465574741363525	0.36702489852905273	166	69	level	1431	1873
6	367.0165231227875	-391.18535407359286	0.7550630569458008	2.3855347633361816	None	0.0	338.4997341632843	19.46	50	3.303175449371338	0.3487377166748047	216	90	level	1487	2119
7	454.110223531723	-386.94429464596936	0.7840225696563721	3.0351274013519287	None	0.0	421.83658027648926	19.46	50	3.700636148452759	0.4179215431213379	227	96	level	1541	2419
8	540.5648119449615	-384.134005000306	0.8069617748260498	3.753326177597046	None	0.0	504.41339898109436	19.46	50	5.652131795883179	0.39893651008605957	284	112	level	1591	2756
9	635.4788982868195	-380.6331596304871	0.8378450870513916	4.457463026046753	None	0.0	595.1783692836761	19.46	50	6.741088151931763	0.2682831287384033	333	120	level	1641	2969
10	723.7564256191254	-379.6572853088791	0.8547983169555664	5.142580986022949	None	0.0	679.2563545703888	19.46	50	4.489337682723999	0.5006632804870605	350	124	level	1691	3169
11	810.1892828941345	-378.52623574875184	0.8807296752929688	5.894330024719238	None	0.0	761.0758855342865	19.46	50	5.994252443313599	0.4368312358856201	383	126	level	1741	3390
12	907.3424715995789	-376.47855761419595	0.9106862545013428	6.644515752792358	None	0.0	853.5575006008148	19.46	50	4.876986980438232	0.4497969150543213	412	133	level	1791	3563
13	1007.1675803661346	-375.7254803679234	0.9326272010803223	7.4367499351501465	None	0.0	948.5737533569336	19.46	50	7.237177610397339	0.5288374423980713	439	136	level	1841	3778
14	1103.5249481201172	-375.1709372189778	0.9634733200073242	8.229954719543457	None	0.0	1039.6458151340485	19.46	50	4.664564847946167	0.632349967956543	448	142	level	1891	3965
15	1201.7987813949585	-374.6319088689346	0.9953889846801758	9.021692991256714	None	0.0	1132.4919600486755	19.46	50	6.32014274597168	0.36398839950561523	468	144	level	1941	4121
16	1299.877891778946	-374.26824890971716	1.0213212966918945	9.83602237701416	None	0.0	1225.2699353694916	19.46	50	5.803819417953491	0.6063797473907471	493	148	level	1991	4286
17	1392.4834306240082	-373.5841684722627	1.0592553615570068	10.662184000015259	None	0.0	1312.3443183898926	19.46	50	5.303813219070435	0.5535192489624023	528	150	level	2041	4424
18	1480.8151006698608	-373.32569035659697	1.0891799926757812	11.483899354934692	None	0.0	1394.9460399150848	19.46	50	4.517860412597656	0.5364956855773926	551	151	level	2091	4565
19	1574.7836899757385	-372.8427814446066	1.1310362815856934	12.29332423210144	None	0.0	1483.3112185001373	19.46	50	5.9670820236206055	0.4452829360961914	572	156	level	2140	4692
20	1688.1229202747345	-372.65292619421876	1.165905475616455	13.131028175354004	None	0.0	1590.8241624832153	19.46	50	8.400550842285156	0.5366144180297852	596	161	level	2190	4849
21	1784.1763501167297	-372.52012863282243	1.1988177299499512	13.985843420028687	None	0.0	1681.0283184051514	19.46	50	6.35727858543396	0.42885375022888184	624	166	level	2239	4990
22	1873.3369069099426	-372.368699970508	1.2397098541259766	14.858198881149292	None	0.0	1764.0906436443329	19.46	50	5.983999967575073	0.3959805965423584	638	168	level	2289	5108
23	1966.8392510414124	-372.2521573679939	1.2826285362243652	15.751007318496704	None	0.0	1851.2596509456635	19.46	50	5.097463846206665	0.47277355194091797	649	169	level	2338	5239
24	2062.1827697753906	-372.16575594943515	1.3275113105773926	16.63442826271057	None	0.0	1940.3061442375183	19.46	50	6.682195663452148	0.4547860622406006	670	171	level	2388	5368
25	2149.206008911133	-372.08270360215135	1.3863542079925537	17.504291772842407	None	0.0	2020.647893190384	19.46	50	8.218579053878784	0.5515694618225098	676	177	level	2438	5468
26	2236.6342117786407	-372.0478627776534	1.4282426834106445	18.379984617233276	None	0.0	2101.854616880417	19.46	50	5.116259336471558	0.4409658908843994	681	180	level	2488	5587
27	2318.6731736660004	-372.0167340541694	1.4671432971954346	19.209089279174805	None	0.0	2177.40433549881	19.46	50	5.307831287384033	0.44880247116088867	687	186	level	2536	5689
28	2390.6348326206207	-371.9940136186799	1.517042875289917	20.053876876831055	None	0.0	2242.726928949356	19.46	50	4.544857025146484	0.5275886058807373	695	187	level	2585	5778
29	2463.168812274933	-371.98445307671494	1.5519540309906006	20.865575551986694	None	0.0	2308.8085985183716	19.46	50	5.01459002494812	0.4229099750518799	705	189	level	2630	5862
30	2526.56530213356	-371.9703849246038	1.6028213500976562	21.68327021598816	None	0.0	2365.744775533676	19.46	50	3.187875509262085	0.4689507484436035	723	193	level	2671	5932
31	2588.627296924591	-371.96792167917846	1.6407549381256104	22.564162731170654	None	0.0	2419.907661676407	19.46	50	5.096639394760132	0.15389609336853027	727	196	level	2710	5993
32	2640.380362510681	-371.9659803086561	1.6806128025054932	23.365118980407715	None	0.0	2464.9421706199646	19.46	50	2.5521860122680664	0.11872291564941406	732	198	level	2739	6050
33	2689.474495410919	-371.9653156596746	1.7135248184204102	24.143108129501343	None	0.0	2507.383603334427	19.46	50	3.1545095443725586	0.11374115943908691	738	200	level	2766	6104
34	2736.9071033000946	-371.9650324815276	1.746403455734253	24.946112155914307	None	0.0	2547.9659917354584	19.46	50	2.673638105392456	0.4697456359863281	744	202	level	2782	6155
35	2785.6445169448853	-371.9648451762285	1.7783164978027344	25.73906707763672	None	0.0	2589.8789772987366	19.46	50	2.9543182849884033	0.1437675952911377	749	204	level	2791	6208
36	2833.1804621219635	-371.96480545573843	1.8072395324707031	26.521974802017212	None	0.0	2630.6630144119263	19.46	50	2.34274959564209	0.18169498443603516	752	205	level	2794	6259
37	2879.788120985031	-371.9647776591531	1.8311781883239746	27.31383204460144	None	0.0	2670.4470734596252	19.46	50	2.31089186668396	0.12589120864868164	756	206	level	2796	6309
38	2926.7585773468018	-371.96476569716356	1.855116367340088	28.117430210113525	None	0.0	2710.3372073173523	19.46	50	2.510343313217163	0.1347181797027588	760	207	level	2798	6360
39	2972.6111948490143	-371.96476569716356	1.855116367340088	28.872471809387207	None	0.0	2749.4093930721283	19.46	50	2.6250195503234863	0.13763141632080078	766	208	level	2798	6410
