BendersMethod=level	maxNcuts=10	tol=1e-06	gapTol=0.5	pi0Coef=1.0	timeLimit=3600	poolplus=False	LevelParam=0.01	mip=True	newn=True
1	46.143639087677	-438.34410250353636	0.38907384872436523	0.06577682495117188	None	0.05791640281677246	32.58687376976013	2.48	50	0.687124490737915	0.09371089935302734	10	3	level	1191	259
2	62.43911790847778	-373.1934878331239	0.41304707527160645	0.1515944004058838	None	0.15455269813537598	47.80075716972351	3.64	50	0.9634232521057129	0.0638430118560791	29	11	level	1270	537
3	95.35212445259094	-359.2957194652121	0.43096089363098145	0.2662959098815918	None	0.2901804447174072	79.37000489234924	4.14	50	5.894202709197998	0.030917882919311523	51	22	level	1343	864
4	133.30663633346558	-344.3724699297052	0.44791722297668457	0.39292144775390625	None	0.48868846893310547	115.63710880279541	4.14	50	4.2326836585998535	0.10775017738342285	83	32	level	1415	1162
5	189.99909710884094	-333.9034604412049	0.4639155864715576	0.5562999248504639	None	0.7070913314819336	170.3641231060028	5.08	50	7.223687410354614	0.07977676391601562	117	37	level	1485	1487
6	229.967209815979	-325.8644129121093	0.4798729419708252	0.7248039245605469	None	0.9424381256103516	208.14789462089539	4.8	50	4.802195310592651	0.04388022422790527	152	44	level	1541	1746
7	284.1034827232361	-318.3238957938633	0.4988260269165039	0.9520118236541748	None	1.3053624629974365	259.50954008102417	6.6	50	2.7486517429351807	0.1785266399383545	181	50	level	1598	2053
8	347.9856986999512	-311.7541947240667	0.513822078704834	1.2301301956176758	None	1.62443208694458	320.5324742794037	7.34	50	6.5704333782196045	0.040930747985839844	191	66	level	1651	2388
9	411.44309282302856	-307.51775439005706	0.5417463779449463	1.4952805042266846	None	2.0414011478424072	380.71671509742737	7.22	50	3.678166627883911	0.056850433349609375	208	110	level	1703	2676
10	491.120046377182	-304.5708876650182	0.557703971862793	1.7782056331634521	None	2.8630127906799316	456.2953796386719	7.44	50	15.234268426895142	0.04990410804748535	231	113	level	1749	2920
11	573.1118857860565	-299.76208842368686	0.5776872634887695	2.091430425643921	None	3.912825107574463	533.974803686142	8.74	50	6.722029685974121	0.07284307479858398	242	132	level	1798	3188
12	631.919634103775	-297.8721070356035	0.595639705657959	2.4063804149627686	None	5.548199415206909	587.719396352768	8.84	50	3.8017988204956055	0.043883562088012695	272	145	level	1841	3416
13	737.7846527099609	-295.9573610512677	0.6155853271484375	2.761366605758667	None	8.095948696136475	687.122508764267	8.58	50	11.187053680419922	0.04890131950378418	297	159	level	1888	3625
14	832.5113747119904	-294.805281744821	0.6335742473602295	3.093423366546631	None	9.92765212059021	775.8999080657959	8.8	50	13.944721937179565	0.050900936126708984	323	175	level	1936	3850
15	912.4955461025238	-293.0377114222859	0.6525580883026123	3.391418933868408	None	13.22548246383667	848.0699586868286	8.7	50	4.242642879486084	0.058838605880737305	361	178	level	1979	4026
16	978.7933080196381	-291.9892286429431	0.6695492267608643	3.6365153789520264	None	16.056586027145386	907.3647475242615	8.9	50	3.2303993701934814	0.04488205909729004	387	180	level	2018	4166
17	1064.336654663086	-291.2825476536959	0.685509443283081	3.879647731781006	None	23.22586464881897	981.6095979213715	8.62	50	6.895567893981934	0.04691195487976074	405	181	level	2061	4311
18	1123.1224970817566	-290.13000260576206	0.7084856033325195	4.099980592727661	None	28.576250553131104	1030.8209059238434	8.7	50	4.902891397476196	0.048867225646972656	427	182	level	2096	4419
19	1183.5658702850342	-289.41681077587674	0.7304642200469971	4.31937313079834	None	32.5991313457489	1082.9705250263214	8.88	50	5.007579326629639	0.04787278175354004	457	198	level	2135	4527
20	1250.7542901039124	-288.90441795054943	0.7514064311981201	4.546603202819824	None	43.15552616119385	1135.2150473594666	8.84	50	5.114322185516357	0.049835205078125	471	199	level	2167	4649
21	1311.4499878883362	-288.44010251202633	0.7713546752929688	4.75799298286438	None	53.425416231155396	1181.1533057689667	8.6	50	3.6651992797851562	0.050863027572631836	493	200	level	2200	4743
22	1371.6849961280823	-288.16794299524446	0.7863550186157227	4.966516017913818	None	67.2246572971344	1222.8567323684692	8.66	50	5.05947470664978	0.05384516716003418	501	208	level	2225	4828
23	1416.1301755905151	-287.938391973576	0.8043439388275146	5.175933122634888	None	76.8476402759552	1252.7658851146698	8.6	50	3.2662694454193115	0.05086565017700195	530	209	level	2247	4911
24	1475.0446367263794	-287.73713958209316	0.8242945671081543	5.380360841751099	None	98.90504264831543	1284.6437163352966	8.76	50	4.792222738265991	0.050820112228393555	556	210	level	2267	4985
25	1535.6585924625397	-287.60418293463283	0.8422486782073975	5.598621129989624	None	113.42449951171875	1325.7462010383606	8.76	50	5.576058387756348	0.05285787582397461	573	211	level	2289	5077
26	1589.6831641197205	-287.5397161365795	0.8591995239257812	5.782237529754639	None	131.73896646499634	1356.4327836036682	8.78	50	3.9624297618865967	0.052858591079711914	586	212	level	2309	5146
27	1643.200092792511	-287.400929381731	0.877187967300415	5.999602317810059	None	150.212881565094	1386.162474155426	8.88	50	3.4457855224609375	0.05285787582397461	602	213	level	2329	5230
28	1685.678567647934	-287.3488592591794	0.8921816349029541	6.181110143661499	None	171.46343231201172	1402.2534084320068	8.88	50	2.8723573684692383	0.051857709884643555	639	214	level	2341	5293
29	1725.4293007850647	-287.3046575966847	0.9061810970306396	6.371589660644531	None	193.5746557712555	1414.8978095054626	8.86	50	1.823089599609375	0.053853511810302734	654	215	level	2350	5359
30	1761.3442811965942	-287.24320184106307	0.9211697578430176	6.546186923980713	None	210.33122730255127	1428.774825811386	8.78	50	2.5891096591949463	0.05086374282836914	675	216	level	2361	5418
31	1801.8749301433563	-287.14202381003145	0.9341363906860352	6.748615503311157	None	225.24676370620728	1449.4147880077362	8.8	50	5.743615388870239	0.05385279655456543	682	217	level	2372	5481
32	1842.616973400116	-287.1171357862352	0.9471006393432617	6.929039239883423	None	248.33330488204956	1461.9948990345001	8.76	50	2.899249315261841	0.05385708808898926	690	222	level	2382	5542
33	1884.0172951221466	-287.1099949601884	0.9581074714660645	7.111518144607544	None	271.1217579841614	1475.379183292389	8.88	50	2.343773365020752	0.05090188980102539	700	223	level	2394	5601
34	1922.1234266757965	-287.0999415941043	0.969078779220581	7.297014236450195	None	298.68953561782837	1480.6997392177582	8.72	50	1.3673431873321533	0.05385851860046387	711	224	level	2398	5652
35	1961.2518181800842	-287.0952889255061	0.9810810089111328	7.481504440307617	None	325.96479082107544	1487.3797404766083	8.88	50	1.3673443794250488	0.05285763740539551	712	225	level	2405	5703
36	2008.4955158233643	-287.09205108752536	0.993049144744873	7.649051904678345	None	357.53576588630676	1497.7581453323364	8.86	50	3.983346462249756	0.05186104774475098	713	226	level	2410	5759
37	2044.6598360538483	-287.0899721830491	1.0040621757507324	7.823491334915161	None	381.4713590145111	1504.7097940444946	8.82	50	1.4092323780059814	0.05485248565673828	714	227	level	2416	5811
38	2086.726412296295	-287.0766877067536	1.0160274505615234	7.999950885772705	None	413.49191403388977	1509.5845158100128	8.82	50	1.266577959060669	0.052855730056762695	715	228	level	2421	5862
39	2123.700528860092	-287.0744422551891	1.0250425338745117	8.160507440567017	None	440.45217871665955	1514.3707964420319	8.74	50	1.5977280139923096	0.05185890197753906	716	229	level	2422	5914
40	2157.2917261123657	-287.06751808195924	1.0350162982940674	8.336020231246948	None	465.23205375671387	1518.0491435527802	8.8	50	0.836796760559082	0.05086684226989746	717	230	level	2425	5964
41	2193.473034620285	-287.06422374092097	1.0469872951507568	8.508581399917603	None	493.746417760849	1520.4777510166168	8.84	50	1.4501218795776367	0.05086660385131836	718	231	level	2426	6015
42	2230.145993232727	-287.05418038151174	1.058990478515625	8.678210735321045	None	520.9321076869965	1524.7231080532074	8.74	50	1.567800521850586	0.050904273986816406	719	232	level	2429	6067
43	2279.9299051761627	-287.0424846963771	1.0719964504241943	8.85871410369873	None	551.4630513191223	1538.671545267105	8.88	50	4.1907947063446045	0.05489063262939453	720	233	level	2435	6123
44	2313.8362584114075	-287.03805759784467	1.0849659442901611	9.03029489517212	None	574.4199295043945	1544.418948173523	8.96	50	1.3613238334655762	0.0528566837310791	721	234	level	2440	6174
45	2352.7661497592926	-287.0371965104327	1.0939817428588867	9.20863127708435	None	602.6836173534393	1549.6968967914581	8.88	50	1.229712724685669	0.05285906791687012	722	235	level	2443	6227
46	2386.7373304367065	-287.03132324598823	1.1069469451904297	9.368212699890137	None	627.8425989151001	1553.3368515968323	8.86	50	0.9324684143066406	0.0498654842376709	723	236	level	2447	6277
47	2422.49178481102	-287.0308845059284	1.1169204711914062	9.529746055603027	None	655.890159368515	1555.7384414672852	8.8	50	0.7649555206298828	0.053838491439819336	724	237	level	2448	6327
48	2457.463287591934	-287.029636260853	1.1279265880584717	9.703284502029419	None	682.7695021629333	1558.5629079341888	8.8	50	1.3533453941345215	0.051862239837646484	725	238	level	2449	6379
49	2491.602030277252	-287.02939332143575	1.137904405593872	9.864886045455933	None	709.3628668785095	1560.7779276371002	8.82	50	1.2387206554412842	0.051895856857299805	726	239	level	2450	6430
50	2533.979733467102	-287.02419458930797	1.1478767395019531	10.043536186218262	None	743.3363726139069	1563.8644313812256	8.86	50	0.944476842880249	0.05482029914855957	727	240	level	2453	6480
51	2570.0761954784393	-287.0237981103969	1.160874605178833	10.215142250061035	None	770.363352060318	1567.652336359024	8.84	50	1.688490867614746	0.0528566837310791	728	241	level	2456	6531
52	2604.0673265457153	-287.0237981103969	1.160874605178833	10.38167929649353	None	797.5151658058167	1569.2739706039429	8.82	50	0.5954082012176514	0.055854082107543945	729	242	level	2456	6581
