BendersMethod=level	maxNcuts=20	tol=1e-06	gapTol=0.5	pi0Coef=1.0	timeLimit=3600	poolplus=False	LevelParam=0.01	mip=False	newn=False
1	137.4951114654541	-803.6676598830658	0.7619504928588867	0.768857479095459	None	0.0	112.98686242103577	13.97	200	0.9564425945281982	0.06486225128173828	10	4	level	3585	1333
2	216.6762659549713	-779.4489935057678	0.9774463176727295	1.9926741123199463	None	0.0	185.07474875450134	16.925	200	1.6486263275146484	0.09973359107971191	41	11	level	4188	2630
3	412.62206649780273	-736.8856182339648	1.2397496700286865	4.533280372619629	None	0.0	369.66801023483276	18.415	200	2.2190215587615967	0.348034143447876	102	23	level	4966	5061
4	761.0159692764282	-668.8202747423518	1.5100011825561523	7.911321640014648	None	0.0	703.5539407730103	19.34	200	3.5564496517181396	0.3281233310699463	207	39	level	5800	8169
5	1251.350387096405	-630.5273441548443	1.744415283203125	13.578852653503418	None	0.0	1175.5117678642273	19.695	200	4.958774089813232	0.780874490737915	327	42	level	6278	13370
6	1796.280788898468	-615.1010318053204	1.80625319480896	19.980538845062256	None	0.0	1702.732012271881	19.74	200	8.379618644714355	0.8288202285766602	444	48	level	6478	18128
7	2475.5920021533966	-598.5999016567329	1.9209504127502441	24.238295555114746	None	0.0	2366.0343220233917	19.74	200	11.688735723495483	0.7868962287902832	552	56	level	6676	20492
8	3105.868387699127	-590.6063655356652	1.9857778549194336	29.074571132659912	None	0.0	2978.129614830017	19.74	200	7.7014000415802	0.597365140914917	644	59	level	6875	23093
9	3600.1048967838287	-585.8702945062445	2.055596351623535	32.0756573677063	None	0.0	3460.596920490265	19.74	132	7.7772321701049805	0.6004083156585693	711	62	level	7005	24548
