BendersMethod=level	maxNcuts=20	tol=1e-06	gapTol=0.5	pi0Coef=1.0	timeLimit=3600	poolplus=False	LevelParam=0.01	mip=False	newn=False
1	168.14820384979248	-565.1871381327809	1.3643932342529297	1.568274974822998	None	0.0	132.76992058753967	17.55	200	1.6765601634979248	0.10169219970703125	10	4	level	4317	1867
2	286.7206633090973	-547.7850353330223	1.4880659580230713	3.9825305938720703	None	0.0	244.65652561187744	19.08	200	1.6675140857696533	0.15957307815551758	77	15	level	4625	4070
3	500.2735695838928	-517.1670041068131	1.8641414642333984	7.295637607574463	None	0.0	444.2711663246155	19.145	200	3.549485206604004	0.14261889457702637	187	31	level	5396	6866
4	930.3454506397247	-465.02042288343563	2.265151262283325	12.634644985198975	None	0.0	854.7365186214447	19.48	200	5.141231298446655	0.4138967990875244	293	51	level	6156	11116
5	1513.011913061142	-435.4006202658297	2.3409485816955566	20.476271152496338	None	0.0	1417.092055797577	19.64	200	7.489009380340576	0.7749691009521484	470	63	level	6446	16968
6	2019.5184717178345	-425.4691824023835	2.385868787765503	28.24608325958252	None	0.0	1901.8548440933228	19.645	200	7.370359897613525	0.035867929458618164	594	64	level	6645	21842
7	2605.2933673858643	-413.1091055421143	2.477663993835449	34.293781995773315	None	0.0	2466.312057495117	19.645	200	8.35964298248291	0.531543493270874	699	65	level	6845	24908
8	3393.201251745224	-403.33224244467556	2.568427324295044	40.23307275772095	None	0.0	3231.0585277080536	19.645	200	9.065788984298706	0.7130634784698486	792	94	level	7044	27581
9	3600.081780195236	-401.88661059149246	2.610354423522949	42.11235022544861	None	0.0	3431.222123146057	19.645	54	9.504611492156982	0.6253318786621094	890	98	level	7096	28383
