BendersMethod=level	maxNcuts=3	tol=1e-06	gapTol=0.5	pi0Coef=1.0	timeLimit=3600	poolplus=False	LevelParam=0.01	mip=True	newn=True
1	201.37198543548584	-812.4574368011647	0.7539477348327637	0.13661503791809082	None	0.2554142475128174	177.1074755191803	1.095	200	0.8985629081726074	0.07675671577453613	10	4	level	3516	762
2	292.76484537124634	-699.2736012955218	0.8986377716064453	0.34314751625061035	None	0.5657463073730469	265.03122997283936	2.89	200	1.1249585151672363	0.0718085765838623	28	13	level	3852	1370
3	409.0940055847168	-678.3839635206778	0.9864037036895752	0.6084845066070557	None	1.4026386737823486	376.8211953639984	2.92	200	1.454115629196167	0.10272550582885742	37	20	level	4151	2221
4	495.34059715270996	-640.225798162249	1.077235460281372	0.8679656982421875	None	3.6766457557678223	456.4768135547638	2.92	200	2.6509511470794678	0.034908294677734375	59	32	level	4394	2781
5	625.0021562576294	-628.4570606389186	1.1330866813659668	1.1623523235321045	None	6.066349506378174	579.1700508594513	2.875	200	3.4018757343292236	0.03690338134765625	81	34	level	4604	3425
6	769.1290919780731	-618.5021647936411	1.203899621963501	1.4767186641693115	None	9.676804304122925	714.6526515483856	2.965	200	3.365967035293579	0.03191518783569336	102	46	level	4795	3953
7	905.5446619987488	-609.4208857159572	1.2757463455200195	1.7951443195343018	None	14.700451135635376	840.5584449768066	2.96	200	3.6303012371063232	0.03091740608215332	116	49	level	4956	4493
8	1068.7645437717438	-602.4067853931973	1.3455612659454346	2.1594390869140625	None	20.860076427459717	991.5862452983856	2.98	200	5.040497303009033	0.032877445220947266	127	57	level	5112	4953
9	1217.023434638977	-599.5620334973038	1.3994178771972656	2.485743284225464	None	27.768637657165527	1126.7009890079498	2.995	200	7.73034405708313	0.034906864166259766	136	62	level	5229	5420
10	1404.9096550941467	-595.1958406167828	1.463285207748413	2.8489677906036377	None	36.176196575164795	1299.5598068237305	2.955	200	3.7190632820129395	0.034871578216552734	143	64	level	5389	5850
11	1545.0032663345337	-592.3580607268922	1.5311040878295898	3.182180166244507	None	46.101701498031616	1422.9347133636475	2.909547738693467	199	3.0318968296051025	0.03390955924987793	154	76	level	5509	6227
12	1699.8186733722687	-588.8470599523718	1.601954460144043	3.5115058422088623	None	57.7675507068634	1559.0104434490204	2.9322916666666665	192	3.819791793823242	0.03391146659851074	174	82	level	5634	6577
13	1842.8225302696228	-585.9852687422152	1.6817431449890137	3.8448052406311035	None	71.36332249641418	1681.239995956421	2.946524064171123	187	2.913249969482422	0.03490710258483887	175	84	level	5735	6897
14	1986.6403331756592	-583.8320533288894	1.7585792541503906	4.1771080493927	None	85.97522449493408	1803.1455943584442	2.9285714285714284	182	3.3271100521087646	0.03490781784057617	180	86	level	5820	7202
15	2084.127836704254	-582.4908353667759	1.8094432353973389	4.488476753234863	None	99.6596667766571	1879.7277584075928	2.8914285714285715	175	3.9444618225097656	0.03487038612365723	193	90	level	5876	7456
16	2217.372899055481	-581.743173350675	1.8543236255645752	4.82074236869812	None	116.05579423904419	1988.8085610866547	2.9166666666666665	192	2.47342586517334	0.034906625747680664	202	95	level	5973	7720
17	2327.2747087478638	-580.9020767359276	1.919152021408081	5.108136415481567	None	133.74060487747192	2073.478879928589	2.8095238095238093	168	2.779571771621704	0.0338740348815918	211	87	level	6048	7942
18	2416.4354593753815	-580.5644966489905	1.9640324115753174	5.393488168716431	None	152.49572277069092	2136.5772380828857	2.8223684210526314	152	2.757664203643799	0.03490710258483887	215	101	level	6091	8144
19	2496.5812981128693	-580.244942610859	2.0019304752349854	5.636921167373657	None	171.52391695976257	2190.571763753891	2.843283582089552	134	3.338078737258911	0.03390979766845703	239	104	level	6128	8307
20	2570.933135032654	-580.106223687299	2.045849561691284	5.863423109054565	None	192.32635760307312	2236.845257997513	2.76	125	2.983027458190918	0.03586769104003906	243	105	level	6156	8465
21	2628.6978170871735	-579.986541546387	2.0797600746154785	6.067938804626465	None	212.9283504486084	2267.320430278778	2.688073394495413	109	1.8650550842285156	0.034906625747680664	263	109	level	6176	8594
22	2681.7659730911255	-579.7925245282189	2.1156654357910156	6.259514093399048	None	233.08862447738647	2293.6156570911407	2.669724770642202	109	1.953742265701294	0.035866498947143555	267	110	level	6193	8714
23	2741.9172768592834	-579.6602526363606	2.154564142227173	6.4920127391815186	None	253.80828642845154	2326.0841846466064	2.747967479674797	123	3.9863553047180176	0.03390932083129883	268	111	level	6205	8855
24	2821.3499863147736	-579.6484483928475	2.1735141277313232	6.754420518875122	None	274.17094922065735	2377.7677850723267	2.8613138686131387	137	3.1027064323425293	0.03490781784057617	274	112	level	6234	9034
25	2876.5744183063507	-579.606407363914	2.194458246231079	6.968932867050171	None	295.89089846611023	2404.258397102356	2.752136752136752	117	2.0425400733947754	0.0359044075012207	286	102	level	6246	9158
26	2928.2892668247223	-579.5832627703134	2.2154035568237305	7.174473524093628	None	316.8460445404053	2428.0052347183228	2.652542372881356	118	2.4155805110931396	0.03490710258483887	293	115	level	6255	9283
27	2970.4476153850555	-579.5149559123906	2.238342761993408	7.356061220169067	None	338.18997502326965	2442.059834241867	2.663265306122449	98	1.3124902248382568	0.03490591049194336	299	114	level	6259	9386
28	3019.198344230652	-579.4900666701903	2.2552974224090576	7.547611951828003	None	360.1421597003937	2462.0247366428375	2.7452830188679247	106	1.7792458534240723	0.035904645919799805	303	115	level	6266	9496
29	3067.2070558071136	-579.4869555861451	2.2732508182525635	7.743174076080322	None	382.9314901828766	2480.287052154541	2.6893203883495147	103	1.982743501663208	0.035903215408325195	304	116	level	6269	9604
30	3112.1229972839355	-579.4867385511328	2.288213014602661	7.911793231964111	None	404.7233076095581	2496.7702836990356	2.694736842105263	95	1.4251935482025146	0.035904645919799805	305	117	level	6272	9699
31	3153.6201486587524	-579.4784794608696	2.3091580867767334	8.091376543045044	None	426.7833766937256	2509.3488488197327	2.6464646464646466	99	1.13496732711792	0.0359039306640625	306	118	level	6273	9801
32	3197.558701992035	-579.4147168774854	2.3350536823272705	8.27691912651062	None	449.19158577919006	2524.127534866333	2.6804123711340204	97	0.8567097187042236	0.03690052032470703	310	119	level	6275	9898
33	3239.3789517879486	-579.385862655945	2.3569958209991455	8.453510284423828	None	472.36492681503296	2535.9810814857483	2.670103092783505	97	1.0262556076049805	0.035902976989746094	294	120	level	6278	9995
34	3277.691609621048	-579.385862655945	2.3569958209991455	8.6360764503479	None	494.21652698516846	2545.646255016327	2.66	100	1.1698734760284424	0.03490614891052246	316	121	level	6278	10095
