BendersMethod=level	maxNcuts=20	tol=1e-06	gapTol=0.5	pi0Coef=1.0	timeLimit=3600	poolplus=False	LevelParam=0.01	mip=False	newn=False
1	158.938227891922	-576.3824233709306	1.0801923274993896	1.37715482711792	None	0.0	127.7197425365448	15.735	200	1.0003268718719482	0.0997314453125	10	4	level	4096	1849
2	278.6851975917816	-556.4280467440809	1.478217601776123	3.797315835952759	None	0.0	236.49548292160034	18.81	200	1.5009875297546387	0.05385637283325195	69	11	level	4849	3991
3	482.8255832195282	-522.5396607694307	1.5978991985321045	7.234720468521118	None	0.0	431.2078025341034	19.5	200	3.0328938961029053	0.22435975074768066	166	24	level	5166	6916
4	843.4996604919434	-470.3286864715934	2.142484426498413	12.128844976425171	None	0.0	771.4723179340363	19.535	200	4.153857231140137	0.3320775032043457	310	70	level	6050	10784
5	1411.5876367092133	-442.73804133538425	2.4766273498535156	20.661235094070435	None	0.0	1314.9538435935974	19.825	200	5.676826477050781	0.48470497131347656	425	84	level	6699	17153
6	1953.505294084549	-431.91416714171015	2.559408187866211	29.238207578659058	None	0.0	1833.9233784675598	19.87	200	6.5714006423950195	0.8107943534851074	594	103	level	6899	22580
7	2546.6281208992004	-420.46589543754703	2.6800880432128906	36.081830978393555	None	0.0	2404.282155752182	19.87	200	8.676769256591797	0.3510615825653076	731	112	level	7098	25850
8	3177.2207713127136	-411.5690710187388	2.8147308826446533	42.242095708847046	None	0.0	3011.3529806137085	19.87	200	7.892902612686157	0.6422841548919678	867	116	level	7298	28360
9	3600.1990835666656	-404.7366703905063	2.9743475914001465	46.030017614364624	None	0.0	3418.6658668518066	19.87	133	7.380288124084473	0.5624980926513672	896	126	level	7428	29717
