BendersMethod=level	maxNcuts=5	tol=1e-06	gapTol=0.5	pi0Coef=1.0	timeLimit=3600	poolplus=False	LevelParam=0.01	mip=True	newn=True
1	58.378089427948	-795.7842605868424	0.2384343147277832	0.047876834869384766	None	0.07583451271057129	49.35983920097351	1.46	50	1.0851013660430908	0.11074614524841309	10	4	level	1111	213
2	79.39091801643372	-690.0062621515002	0.2603757381439209	0.11073923110961914	None	0.18155336380004883	69.35400009155273	2.92	50	0.8198084831237793	0.071807861328125	35	14	level	1191	365
3	109.23523116111755	-653.0554599843135	0.30325818061828613	0.192641019821167	None	0.3202533721923828	97.35291886329651	3.38	50	1.1419494152069092	0.06283164024353027	47	20	level	1325	599
4	143.53461074829102	-630.4065740062078	0.31522345542907715	0.2903859615325928	None	0.5954744815826416	130.11643886566162	3.96	50	2.213089942932129	0.037932634353637695	69	37	level	1388	810
5	182.1354537010193	-616.4528560481024	0.3242013454437256	0.4191009998321533	None	1.2984349727630615	166.5027458667755	4.48	50	1.947796106338501	0.04089236259460449	105	50	level	1441	1031
6	228.3519959449768	-605.5690783735886	0.3341703414916992	0.5508122444152832	None	2.3815391063690186	209.97833108901978	4.48	50	3.202446699142456	0.04192757606506348	124	56	level	1492	1232
7	275.96185088157654	-599.3830451110462	0.34413814544677734	0.7193591594696045	None	3.690997362136841	254.45813179016113	4.66	50	5.148205280303955	0.04986453056335449	138	74	level	1532	1460
8	344.6084361076355	-591.1241902336457	0.35706400871276855	0.8929660320281982	None	6.159263372421265	318.59718322753906	4.78	50	4.313514709472656	0.04683351516723633	157	87	level	1580	1643
9	380.32502365112305	-582.5113865406252	0.3660399913787842	1.0555667877197266	None	8.388378381729126	350.0284860134125	4.66	50	2.1642603874206543	0.039891719818115234	192	93	level	1615	1793
10	422.9122612476349	-578.8120184962318	0.375016450881958	1.2161149978637695	None	11.588852405548096	387.14667296409607	4.7	50	2.9650402069091797	0.03889656066894531	202	107	level	1643	1950
11	477.3558611869812	-573.3292246945499	0.384990930557251	1.37274169921875	None	15.705792665481567	435.1089119911194	4.8	50	3.1884822845458984	0.0408933162689209	211	114	level	1677	2088
12	555.1659896373749	-570.4222071360604	0.39296674728393555	1.5373599529266357	None	22.320159912109375	503.7590937614441	4.84	50	5.6927924156188965	0.04787492752075195	225	115	level	1716	2244
13	617.8405048847198	-568.8061263309626	0.40098094940185547	1.6779935359954834	None	31.47262144088745	554.4692816734314	4.56	50	3.1007158756256104	0.04388284683227539	261	131	level	1746	2369
14	680.4671840667725	-566.6981019645101	0.4099583625793457	1.8126225471496582	None	40.041590213775635	605.7941973209381	4.48	50	3.335087299346924	0.043882131576538086	263	134	level	1783	2485
15	756.6197230815887	-565.1009902967373	0.4179346561431885	1.9562904834747314	None	50.75800824165344	668.3974397182465	4.68	50	4.5677947998046875	0.04587888717651367	270	142	level	1825	2603
16	814.3554675579071	-563.8293069028815	0.4269118309020996	2.0920445919036865	None	63.06208395957947	710.9171178340912	4.52	50	2.112351655960083	0.043847084045410156	273	144	level	1855	2691
17	871.2993288040161	-563.3698804670342	0.4358863830566406	2.227755546569824	None	78.96246647834778	749.0375535488129	4.6	50	3.354036569595337	0.04487752914428711	282	146	level	1879	2782
18	918.8742218017578	-562.9904063525057	0.4428694248199463	2.3454105854034424	None	97.39215636253357	775.2676620483398	4.32	50	5.075483560562134	0.04386162757873535	288	154	level	1893	2856
19	983.8506195545197	-562.2641953228916	0.4518439769744873	2.4861388206481934	None	118.3910219669342	816.2484431266785	4.5	50	2.7476983070373535	0.04587507247924805	296	155	level	1919	2940
20	1038.7808604240417	-561.6594602419052	0.46181702613830566	2.6139063835144043	None	140.5018825531006	846.0094072818756	4.36	50	2.6050896644592285	0.04589390754699707	301	156	level	1940	3017
21	1099.6512322425842	-561.4490565783361	0.46979784965515137	2.752523422241211	None	166.76273441314697	877.4369423389435	4.4	50	3.365006685256958	0.046915292739868164	310	160	level	1959	3090
22	1156.6329762935638	-561.31235387744	0.47777771949768066	2.884247303009033	None	194.45663213729858	903.5924887657166	4.36	50	3.565472364425659	0.04787111282348633	311	161	level	1976	3158
23	1223.160207271576	-561.1078795164154	0.49074292182922363	3.0497171878814697	None	229.83419823646545	930.6521980762482	4.36	50	5.497310161590576	0.05285930633544922	312	162	level	1988	3220
24	1296.7934484481812	-560.9658218979753	0.49872303009033203	3.19136118888855	None	278.68465065956116	950.7028253078461	4.46	50	3.078773260116577	0.046865224838256836	313	164	level	2000	3280
25	1339.7526524066925	-560.7682672357373	0.5067024230957031	3.3200316429138184	None	306.3746774196625	962.7966394424438	4.3	50	2.7536401748657227	0.04488015174865723	314	165	level	2006	3340
26	1385.7208185195923	-560.5284962932745	0.5136857032775879	3.442699909210205	None	337.4666659832001	974.4666485786438	4.3	50	2.155242443084717	0.04587745666503906	315	166	level	2016	3395
27	1425.8206658363342	-560.4615052147088	0.5206682682037354	3.566375970840454	None	366.9826555252075	981.9277698993683	4.346938775510204	49	1.9398157596588135	0.043881893157958984	316	167	level	2021	3447
28	1478.209674358368	-560.4128602177614	0.5266475677490234	3.694072961807251	None	395.57318663597107	1002.5081963539124	4.448979591836735	49	3.4278242588043213	0.046874284744262695	317	168	level	2033	3507
29	1525.6589245796204	-560.3752822495197	0.5336418151855469	3.8147833347320557	None	427.04708909988403	1015.2872929573059	4.5	48	2.831432580947876	0.04488205909729004	323	169	level	2039	3564
30	1565.7497553825378	-560.35967626897	0.5396256446838379	3.938554048538208	None	456.11629486083984	1023.056693315506	4.387755102040816	49	1.7742564678192139	0.04787278175354004	324	170	level	2044	3616
31	1610.3435940742493	-560.3462949519837	0.5446114540100098	4.059210300445557	None	489.00031328201294	1031.5542047023773	4.354166666666667	48	2.846390962600708	0.04787111282348633	325	172	level	2047	3667
32	1650.584065437317	-560.3436264512845	0.5485856533050537	4.173895359039307	None	521.2790606021881	1036.3185851573944	4.3125	48	1.2337043285369873	0.04687309265136719	326	173	level	2049	3715
33	1695.95183634758	-560.3109026525245	0.5565619468688965	4.297586679458618	None	555.724812746048	1043.9253640174866	4.375	48	2.181170701980591	0.04886817932128906	327	174	level	2054	3765
34	1738.232854604721	-560.2471776395021	0.5635421276092529	4.412268400192261	None	588.1039719581604	1050.6256787776947	4.395833333333333	48	1.0152878761291504	0.047831058502197266	328	175	level	2058	3813
35	1779.7429320812225	-560.1873639451753	0.5694622993469238	4.530958414077759	None	619.5041451454163	1057.515418291092	4.3125	48	1.6994574069976807	0.04787421226501465	329	176	level	2062	3862
36	1816.9266119003296	-560.1873639451753	0.5694622993469238	4.6466896533966064	None	649.8578042984009	1061.1507799625397	4.270833333333333	48	1.0312104225158691	0.04591226577758789	330	177	level	2062	3910
