BendersMethod=level	tol=1e-06	gapTol=1.0	pi0Coef=1.0	timeLimit=3600
1	42.21822237968445	-588.0413375107021	0.35097384452819824	0.2046947479248047	0.66255784034729	None	31.636860609054565	None	50	1.0644500255584717	0.09171676635742188	None	None	level	925	207
2	55.06743144989014	-583.2899840362555	0.4606807231903076	0.42316269874572754	1.866849422454834	None	40.57338571548462	None	50	2.1920652389526367	0.1047208309173584	None	None	level	1080	337
3	73.3131411075592	-580.2459552365165	0.5783281326293945	0.7780065536499023	4.620743274688721	None	53.631556034088135	None	50	2.84102463722229	0.10277819633483887	None	None	level	1220	517
4	91.77997660636902	-575.4253775150959	0.7079873085021973	1.1829931735992432	7.608380556106567	None	66.44716262817383	None	50	1.4741559028625488	0.11967587471008301	None	None	level	1346	687
5	114.5826153755188	-570.1257211049148	0.728926420211792	1.749572515487671	11.99804162979126	None	82.76897931098938	None	50	2.4116082191467285	0.05780148506164551	None	None	level	1427	883
6	136.80436611175537	-566.5190889653975	0.7468760013580322	2.307173252105713	16.21549415588379	None	98.5753562450409	None	50	2.0033397674560547	0.05340313911437988	None	None	level	1503	1056
7	162.9361596107483	-564.2058829727697	0.7658243179321289	2.965440511703491	22.093165636062622	None	116.39146280288696	None	50	2.6569294929504395	0.13468575477600098	None	None	level	1577	1240
8	189.3332965373993	-557.6896735360692	0.9193835258483887	3.660207509994507	28.1760892868042	None	133.03929114341736	None	50	1.6505098342895508	0.14465570449829102	None	None	level	1700	1406
9	222.01817774772644	-554.1890671251003	0.9403281211853027	4.495235204696655	36.44209313392639	None	154.38787817955017	None	50	2.9304144382476807	0.20383739471435547	None	None	level	1756	1595
10	256.6792585849762	-551.3509131300852	0.964263916015625	5.415656805038452	47.38773250579834	None	174.85962414741516	None	50	2.4823217391967773	0.16751599311828613	None	None	level	1815	1782
11	285.40394043922424	-548.8484299240964	0.9871864318847656	6.254204273223877	55.83353805541992	None	191.93063950538635	None	50	1.981957197189331	0.16954493522644043	None	None	level	1872	1942
12	319.7833960056305	-547.7661312606015	1.0016255378723145	7.2608723640441895	66.36669111251831	None	212.2214059829712	None	50	2.6703219413757324	0.1867835521697998	None	None	level	1922	2121
13	346.9072599411011	-540.6475165033573	1.0265581607818604	8.083601951599121	73.48421740531921	None	228.51831126213074	None	50	1.3765630722045898	0.13962936401367188	None	None	level	1973	2255
14	388.35797691345215	-537.8486918888768	1.050499677658081	9.239723920822144	87.76353573799133	None	251.6392433643341	None	50	3.023466110229492	0.2224433422088623	None	None	level	2024	2448
15	422.64765334129333	-534.510896696349	1.0674035549163818	10.259308815002441	98.94997596740723	None	270.6601951122284	None	50	2.8806071281433105	0.1984691619873047	None	None	level	2074	2599
16	459.6465153694153	-531.2333966752435	1.086334466934204	11.33644962310791	111.17941451072693	None	291.1308262348175	None	50	3.030275583267212	0.19252467155456543	None	None	level	2124	2747
17	502.0391881465912	-528.2292802354823	1.1042871475219727	12.540016889572144	127.14141726493835	None	313.0018322467804	None	50	2.6638524532318115	0.10970854759216309	None	None	level	2174	2907
18	544.1599171161652	-525.8912724045923	1.1232359409332275	13.787822961807251	142.01862788200378	None	335.4431974887848	None	50	2.5857489109039307	0.0997323989868164	None	None	level	2224	3059
19	586.0630853176117	-522.01164583683	1.1441419124603271	15.024664640426636	156.00714921951294	None	358.431072473526	None	50	2.624032497406006	0.11968326568603516	None	None	level	2274	3203
20	633.7732591629028	-519.3353136958902	1.166085958480835	16.49093985557556	170.99295353889465	None	385.75755643844604	None	50	4.035895109176636	0.1585826873779297	None	None	level	2324	3362
21	684.9549443721771	-516.7484723022599	1.1870317459106445	18.13866424560547	188.775004863739	None	413.54360270500183	None	50	2.3567070960998535	0.14062809944152832	None	None	level	2374	3533
22	741.557856798172	-513.5125672262144	1.210968017578125	19.768012285232544	207.96823358535767	None	445.0001347064972	None	50	3.450821876525879	0.15160608291625977	None	None	level	2424	3691
23	805.1873278617859	-511.0377448156948	1.2329096794128418	21.782745122909546	230.98432207107544	None	478.9171316623688	None	50	4.218769550323486	0.1797621250152588	None	None	level	2474	3886
24	863.9594492912292	-509.6553448856752	1.2558505535125732	23.709477424621582	252.90643095970154	None	509.26455092430115	None	50	3.171527624130249	0.3054373264312744	None	None	level	2524	4057
25	934.054799079895	-507.0246219140502	1.2827789783477783	25.643349170684814	280.39365816116333	None	544.7958364486694	None	50	4.468325138092041	0.20939850807189941	None	None	level	2574	4230
26	992.406667470932	-505.06052055056966	1.307713270187378	27.312047719955444	302.5048015117645	None	574.5276794433594	None	50	3.2793498039245605	0.17549443244934082	None	None	level	2624	4370
27	1066.8537321090698	-503.62747993059435	1.3316502571105957	29.578963041305542	329.8423113822937	None	614.0758564472198	None	50	3.7818853855133057	0.18151187896728516	None	None	level	2674	4556
28	1124.1181390285492	-501.33279025511797	1.3595423698425293	31.420033931732178	350.98605155944824	None	643.0427415370941	None	50	4.007230997085571	0.1555795669555664	None	None	level	2724	4697
29	1195.7449009418488	-499.9805947298458	1.3864717483520508	33.57156562805176	376.84779930114746	None	681.1125786304474	None	50	3.562023639678955	0.18550395965576172	None	None	level	2774	4856
30	1260.3748371601105	-498.81336547959205	1.416393518447876	35.48602890968323	399.24291038513184	None	715.7091772556305	None	50	3.9105846881866455	0.2113206386566162	None	None	level	2824	4996
31	1334.9675316810608	-497.69432607552017	1.4413719177246094	37.690410137176514	424.37388014793396	None	757.3942921161652	None	50	4.468698263168335	0.24937653541564941	None	None	level	2874	5155
32	1406.3810901641846	-496.5345931140426	1.4712915420532227	39.82590889930725	452.089408159256	None	792.9715609550476	None	50	3.5894501209259033	0.21238946914672852	None	None	level	2924	5296
33	1493.975212097168	-495.71539473881086	1.5032079219818115	42.696661710739136	480.98716592788696	None	842.2738649845123	None	50	3.9435222148895264	0.5036852359771729	None	None	level	2974	5503
34	1561.2764544487	-494.2482531988117	1.534125804901123	45.05369567871094	504.7376389503479	None	877.2619116306305	None	50	2.819694995880127	0.29824328422546387	None	None	level	3024	5658
35	1638.4910593032837	-493.3460041206628	1.5620567798614502	47.43055248260498	531.4617021083832	None	919.233598947525	None	50	4.7084434032440186	0.26832079887390137	None	None	level	3074	5811
36	1703.9615564346313	-491.9010390341832	1.5999562740325928	49.72683143615723	548.8190166950226	None	958.7683408260345	None	50	4.213946580886841	0.22838926315307617	None	None	level	3124	5957
37	1770.5521082878113	-490.19062099522574	1.6398851871490479	51.96378302574158	565.2187132835388	None	1000.2811872959137	None	50	4.278047800064087	0.27730226516723633	None	None	level	3174	6098
38	1868.1272330284119	-489.63941372084247	1.6668179035186768	55.713879346847534	596.4843709468842	None	1055.9253690242767	None	50	5.185490131378174	0.7943940162658691	None	None	level	3224	6346
39	1958.3204963207245	-488.6560139802832	1.698765754699707	58.54062557220459	624.3347766399384	None	1107.7672500610352	None	50	6.4133172035217285	0.5326488018035889	None	None	level	3274	6522
40	2040.2614505290985	-488.1757945966461	1.7316782474517822	61.28165102005005	643.8012208938599	None	1160.3926882743835	None	50	4.127006769180298	0.46994805335998535	None	None	level	3324	6692
41	2110.19011592865	-486.43602908441324	1.7775578498840332	63.612841844558716	656.7415256500244	None	1206.8734102249146	None	50	4.197848320007324	0.3041810989379883	None	None	level	3374	6836
42	2203.6437039375305	-485.6725356876638	1.8134641647338867	67.26118564605713	677.9665431976318	None	1267.864685535431	None	50	4.880983591079712	0.5657436847686768	None	None	level	3424	7074
43	2288.5696280002594	-484.7559858359036	1.847407341003418	70.1310522556305	693.5430572032928	None	1326.1537523269653	None	50	4.524939060211182	0.49988365173339844	None	None	level	3474	7255
44	2373.1740384101868	-483.5775884368658	1.8912949562072754	72.57198119163513	706.6268467903137	None	1387.4757902622223	None	50	5.676116943359375	0.3121650218963623	None	None	level	3524	7407
45	2459.9713995456696	-482.77051486436534	1.934180498123169	75.40943050384521	723.6746203899384	None	1446.1341874599457	None	50	5.360058307647705	0.569439172744751	None	None	level	3574	7588
46	2563.4627056121826	-482.2525765262787	1.9690871238708496	79.10119104385376	743.6357412338257	None	1517.4255995750427	None	50	5.936436176300049	0.457763671875	None	None	level	3624	7821
47	2648.5526525974274	-480.9904274469748	2.008986711502075	81.68163919448853	754.3155760765076	None	1581.2548966407776	None	50	4.638879299163818	0.3800358772277832	None	None	level	3674	7974
48	2747.606701850891	-480.19044981191024	2.0458903312683105	84.9229621887207	768.9899690151215	None	1654.156630039215	None	50	5.599248886108398	0.4886951446533203	None	None	level	3724	8173
49	2850.8896927833557	-479.51690506364366	2.0837883949279785	88.15825271606445	780.587152004242	None	1733.4989652633667	None	50	8.951376676559448	0.5634922981262207	None	None	level	3774	8363
50	2946.520239830017	-479.08561351165446	2.126699447631836	91.09999108314514	790.3923666477203	None	1807.7050228118896	None	50	6.34456729888916	0.3571925163269043	None	None	level	3824	8538
51	3044.9266278743744	-478.4813073012975	2.169595241546631	94.12726354598999	797.9556736946106	None	1886.8778274059296	None	50	8.839921236038208	0.4408223628997803	None	None	level	3874	8719
52	3163.5537343025208	-477.7868284460396	2.218467950820923	97.63740825653076	813.0278096199036	None	1976.8547115325928	None	50	9.268269777297974	0.5918052196502686	None	None	level	3924	8916
53	3256.9550337791443	-477.0844225653505	2.2583625316619873	100.13411045074463	816.972829580307	None	2054.0916969776154	None	50	5.52750301361084	0.4468059539794922	None	None	level	3974	9054
54	3367.295777320862	-476.07529052532175	2.302248954772949	103.14465737342834	825.9254286289215	None	2142.9837584495544	None	50	10.041417837142944	0.4617283344268799	None	None	level	4024	9232
55	3488.688648223877	-475.76688258494363	2.3391549587249756	107.45554041862488	835.3606913089752	None	2240.348974466324	None	50	7.311155557632446	0.8617384433746338	None	None	level	4074	9496
56	3585.6945900917053	-475.2715810265682	2.380049467086792	110.38981771469116	840.4450173377991	None	2319.4654898643494	None	50	4.592243194580078	0.7689507007598877	None	None	level	4124	9665
57	3600.1364228725433	-475.17357252981583	2.412964344024658	110.85158276557922	841.1351718902588	None	2331.2920417785645	None	9	3.041124105453491	1.2637066841125488	None	None	level	4131	9689
