BendersMethod=level	maxNcuts=10	tol=1e-06	gapTol=0.5	pi0Coef=1.0	timeLimit=7200	poolplus=False	LevelParam=0.01	mip=True	newn=True
1	63.98496127128601	-1177.764899428929	0.1505892276763916	0.10158085823059082	None	0.20028400421142578	56.94573473930359	5.42	50	1.2147154808044434	0.3161444664001465	10	5	level	652	176
2	90.92695617675781	-1034.4954462907715	0.15856671333312988	0.18940067291259766	None	0.41287732124328613	82.84841251373291	4.76	50	0.9305038452148438	0.3330705165863037	24	12	level	733	226
3	110.09676313400269	-967.654417328625	0.19140911102294922	0.2941141128540039	None	0.6235167980194092	100.24181914329529	4.56	50	0.7160873413085938	0.0827794075012207	30	14	level	868	348
4	142.65873765945435	-943.4541630808502	0.19942188262939453	0.41887855529785156	None	0.867870569229126	131.51236605644226	3.6	50	1.683502435684204	0.052857398986816406	41	24	level	931	497
5	181.83703517913818	-930.0194715632183	0.2064058780670166	0.5803446769714355	None	1.101262092590332	169.2550926208496	4.64	50	3.0338921546936035	0.056841373443603516	62	34	level	981	674
6	230.584712266922	-917.6429013263336	0.21638965606689453	0.8187406063079834	None	1.36763596534729	216.31938695907593	6.12	50	3.3121864795684814	0.06586599349975586	87	40	level	1024	868
7	279.5209274291992	-907.6881545445817	0.22436976432800293	1.0799221992492676	None	1.7048869132995605	263.2342777252197	6.26	50	2.888237714767456	0.04388141632080078	112	50	level	1069	1072
8	358.05005645751953	-900.2605242691578	0.23128247261047363	1.363940954208374	None	2.0021464824676514	339.7050549983978	6.46	50	3.809774398803711	0.03590250015258789	133	56	level	1116	1276
9	416.1139109134674	-896.574190190621	0.23726534843444824	1.6343021392822266	None	2.340294122695923	395.5578339099884	6.8	50	3.54451584815979	0.03294634819030762	147	57	level	1156	1440
10	482.37079882621765	-893.5759876217503	0.24421143531799316	1.9263851642608643	None	2.69041109085083	459.4664525985718	7.6	50	3.60536527633667	0.036900997161865234	156	58	level	1201	1592
11	528.0178053379059	-892.1229719636824	0.2492356300354004	2.2077395915985107	None	3.040351152420044	502.70587158203125	7.16	50	3.416869640350342	0.033910512924194336	178	59	level	1236	1730
12	590.365211725235	-889.4931275063311	0.25625109672546387	2.510188579559326	None	3.4110107421875	562.4802715778351	7.78	50	3.065805673599243	0.034906625747680664	195	60	level	1281	1857
13	643.098281621933	-888.4845717546775	0.2632312774658203	2.8014678955078125	None	3.944401502609253	612.4746708869934	7.8	50	4.5807929039001465	0.036933183670043945	208	61	level	1313	1975
14	689.3047542572021	-887.6411122527311	0.27021026611328125	3.079526424407959	None	4.35107684135437	655.989483833313	7.94	50	4.306478977203369	0.03590250015258789	216	62	level	1348	2073
15	744.6608128547668	-887.1581821717549	0.27818918228149414	3.3782050609588623	None	4.909445524215698	708.3359200954437	7.857142857142857	49	4.201735019683838	0.03690481185913086	220	63	level	1386	2199
ObjVal: -883.2399762254155	ObjBnd: -883.2399762254155	BnCTime: 25.631447792053223	No. of MIP solns: 48	BendersTime: 13.906999826431274	RecourseTime: 9.83724594116211	TotalTime: 770.2963001728058
