BendersMethod=level	maxNcuts=10	tol=1e-06	gapTol=0.5	pi0Coef=1.0	timeLimit=7200	poolplus=False	LevelParam=0.01	mip=True	newn=True
1	324.43544006347656	-1114.7894024304724	1.141556978225708	0.3231029510498047	None	0.705988883972168	296.0573284626007	1.775	200	2.985098123550415	0.30507969856262207	10	4	level	3239	823
2	469.07823300361633	-1063.6310902758207	1.2841670513153076	0.6773960590362549	None	1.4089021682739258	435.77654504776	2.975	200	1.9398560523986816	0.16459345817565918	30	13	level	3553	1444
3	572.9580490589142	-1025.5684092930524	1.5544202327728271	1.1642436981201172	None	2.1878697872161865	531.2880952358246	3.675	200	1.887284278869629	0.052900075912475586	57	19	level	4044	2230
4	752.058867931366	-1015.0439619052117	1.6262667179107666	1.734895944595337	None	2.974294900894165	703.7875831127167	3.47	200	2.9574134349823	0.04227328300476074	71	28	level	4258	3161
5	957.5443305969238	-1005.2717933886298	1.707047700881958	2.592028856277466	None	3.828289031982422	901.1114323139191	5.185	200	3.2764980792999268	0.049867868423461914	120	38	level	4456	4294
6	1137.8820612430573	-995.6299601658051	1.8426904678344727	3.534515142440796	None	4.775034189224243	1071.6611649990082	5.603015075376884	199	5.336004972457886	0.04587364196777344	168	47	level	4633	5177
7	1370.9238150119781	-990.1894152201845	1.9424247741699219	4.620401859283447	None	6.078588008880615	1292.4309947490692	5.45	200	4.208799123764038	0.04684114456176758	179	49	level	4811	5932
8	1646.81600356102	-985.2816244581236	2.0461783409118652	5.7578277587890625	None	7.258198499679565	1556.340460062027	6.11	200	5.529351711273193	0.04388284683227539	195	58	level	4993	6649
9	1857.4128477573395	-983.0039531403296	2.1289584636688232	6.981603384017944	None	8.437798738479614	1754.5959768295288	6.025125628140704	199	3.2616097927093506	0.0468754768371582	214	72	level	5151	7367
10	2121.7685940265656	-981.2338178170377	2.2137324810028076	8.273755073547363	None	9.733755826950073	2005.3722920417786	6.415	200	3.775649309158325	0.0503544807434082	241	59	level	5332	8035
11	2380.4064662456512	-979.5729304584249	2.318481683731079	9.530721426010132	None	11.33329725265503	2249.4762709140778	6.825	200	6.960451364517212	0.04591941833496094	257	61	level	5483	8577
12	2613.6504333019257	-978.5329238465985	2.4022932052612305	10.817299604415894	None	13.0711088180542	2467.9310195446014	7.1457286432160805	199	5.505288124084473	0.047068119049072266	262	85	level	5634	9166
13	2816.2586374282837	-977.7625456901383	2.485067367553711	11.990701913833618	None	14.9505615234375	2655.1138775348663	7.266331658291457	199	4.27657413482666	0.04692196846008301	275	86	level	5752	9616
14	2967.494368314743	-977.2130978044238	2.5738306045532227	13.128369569778442	None	17.348534107208252	2790.34401011467	7.43	200	4.1174211502075195	0.04293012619018555	293	62	level	5861	9982
15	3112.370156288147	-976.8847079719792	2.6496293544769287	14.218451499938965	None	19.778361082077026	2919.09982919693	7.492462311557789	199	4.15888786315918	0.04790973663330078	303	88	level	5955	10319
ObjVal: -969.6699754139522	ObjBnd: -972.0607708140528	BnCTime: 4094.6711099147797	No. of MIP solns: 1177	BendersTime: 1342.6825222969055	RecourseTime: 0.0	TotalTime: 7207.075837850571
