BendersMethod=level	maxNcuts=5	tol=1e-06	gapTol=0.5	pi0Coef=1.0	timeLimit=3600	poolplus=False	LevelParam=0.01	mip=True	newn=True
1	84.3390212059021	-795.6831580675473	0.34099817276000977	0.08491277694702148	None	0.1527247428894043	74.42047214508057	2.4	50	2.554460048675537	0.25237250328063965	10	6	level	1059	249
2	124.30022263526917	-757.1724894197052	0.4526674747467041	0.18587589263916016	None	0.32902073860168457	111.54172539710999	3.64	50	1.9877252578735352	0.16954922676086426	37	10	level	1246	462
3	156.54872727394104	-739.2031781536572	0.5723376274108887	0.3185718059539795	None	0.564638614654541	140.4756543636322	3.36	50	1.6162941455841064	0.23204970359802246	64	16	level	1414	722
4	188.55417847633362	-729.4287438125515	0.6641120910644531	0.4571530818939209	None	0.9026918411254883	169.25614047050476	3.16	50	1.828399419784546	0.22505879402160645	92	27	level	1554	940
5	232.78561091423035	-723.3270967626063	0.8025541305541992	0.6537008285522461	None	1.3604533672332764	209.23299908638	3.7	50	2.3170881271362305	0.0778493881225586	112	45	level	1735	1237
6	266.5559833049774	-719.1575639051619	0.8205010890960693	0.8432095050811768	None	1.7275259494781494	239.96139073371887	3.74	50	1.593982458114624	0.17947912216186523	134	56	level	1802	1486
7	317.13457012176514	-714.4298289587935	0.8424675464630127	1.0865492820739746	None	4.243009567260742	284.7989914417267	4.7	50	3.573650360107422	0.12769556045532227	154	64	level	1859	1729
8	378.43015575408936	-709.2735054353845	0.8614122867584229	1.3458693027496338	None	8.334412813186646	338.3809995651245	4.92	50	3.7804114818573	0.2423086166381836	184	74	level	1904	1985
9	454.99251556396484	-703.473224682327	0.8874931335449219	1.6720860004425049	None	15.490689992904663	403.71222448349	4.98	50	4.985113143920898	0.33609962463378906	213	91	level	1952	2209
10	517.5457427501678	-700.7839109541997	0.9094705581665039	1.9962692260742188	None	21.811447143554688	455.56616282463074	5.0	50	2.929176092147827	0.11374020576477051	219	103	level	1996	2429
11	603.9821622371674	-698.0450188038735	0.9304125308990479	2.347351551055908	None	29.492775917053223	529.5643622875214	4.96	50	4.731342077255249	0.3748817443847656	247	117	level	2044	2658
12	685.7962214946747	-695.2163291470628	0.9583649635314941	2.6913437843322754	None	41.09142732620239	594.7676873207092	4.76	50	3.601577043533325	0.26828861236572266	261	125	level	2089	2833
13	807.051008939743	-693.858311000606	0.9783444404602051	3.035400867462158	None	61.695146799087524	689.9725887775421	4.88	50	4.8054094314575195	0.5798044204711914	277	142	level	2136	3035
14	898.7053301334381	-692.5554223608799	0.9982912540435791	3.361382246017456	None	83.61433386802673	754.0740404129028	4.72	50	4.2977306842803955	0.07579994201660156	295	150	level	2174	3191
15	1019.6512358188629	-691.1595922260326	1.0232431888580322	3.690415859222412	None	111.3684754371643	841.2697064876556	4.78	50	8.1973397731781	0.2553577423095703	307	151	level	2221	3348
16	1141.5878701210022	-690.1421801169889	1.0482017993927002	3.986600875854492	None	157.5269455909729	911.0015909671783	4.7	50	6.436036825180054	0.07284832000732422	324	159	level	2263	3485
17	1240.5635616779327	-689.5307146731785	1.0711698532104492	4.266762971878052	None	199.29807591438293	962.0764634609222	4.58	50	4.577983856201172	0.06981301307678223	335	164	level	2292	3627
18	1364.0188128948212	-688.8475193781381	1.096060037612915	4.516159296035767	None	258.69469594955444	1019.691504240036	4.46	50	4.1129961013793945	0.06486749649047852	343	165	level	2322	3742
19	1478.9747459888458	-688.3451519160377	1.1229724884033203	4.734206438064575	None	321.235223531723	1065.624452829361	4.38	50	2.6894097328186035	0.06539297103881836	351	166	level	2350	3849
20	1598.970154762268	-687.8521858067961	1.143904685974121	4.956623077392578	None	387.9570138454437	1112.255529642105	4.38	50	5.3839027881622314	0.08103752136230469	365	170	level	2378	3946
21	1709.1896402835846	-687.5144086040241	1.162916898727417	5.1592936515808105	None	459.4486184120178	1144.4040887355804	4.34	50	2.9989559650421143	0.06705331802368164	378	176	level	2398	4032
22	1828.5342781543732	-687.2087619245556	1.1828629970550537	5.354878664016724	None	541.8960888385773	1174.6677567958832	4.24	50	3.3994758129119873	0.07384347915649414	392	177	level	2415	4112
23	1950.1214785575867	-687.0874575224294	1.202843189239502	5.573147773742676	None	630.551013469696	1200.9330298900604	4.24	50	3.8178515434265137	0.06834101676940918	401	178	level	2430	4183
24	2075.649035692215	-686.9641827879192	1.2197952270507812	5.769705295562744	None	721.5168967247009	1228.7065253257751	4.26	50	3.75492787361145	0.07580089569091797	425	179	level	2442	4249
25	2188.1636798381805	-686.9218200071732	1.235741138458252	5.944143295288086	None	813.6160020828247	1242.2055099010468	4.16	50	2.8385977745056152	0.07262349128723145	445	180	level	2450	4308
26	2305.323566675186	-686.9102632958186	1.2517387866973877	6.12861967086792	None	915.1013214588165	1251.1734597682953	4.2	50	2.2868523597717285	0.06279397010803223	446	181	level	2454	4371
27	2411.8120515346527	-686.9033155792716	1.266634225845337	6.300151109695435	None	1008.785165309906	1257.2430701255798	4.18	50	1.5991649627685547	0.06462979316711426	467	182	level	2457	4423
28	2538.030461549759	-686.8300850655496	1.2885463237762451	6.475691556930542	None	1115.9385569095612	1269.4998006820679	4.18	50	2.2170486450195312	0.06198406219482422	473	183	level	2464	4477
29	2656.932415485382	-686.8023364488253	1.30647873878479	6.648218631744385	None	1218.7632329463959	1278.7247095108032	4.24	50	1.3992836475372314	0.06781816482543945	474	184	level	2470	4534
30	2786.189962863922	-686.7598212242964	1.3234679698944092	6.840697765350342	None	1324.6808214187622	1294.4096977710724	4.3	50	2.7669355869293213	0.07184529304504395	475	185	level	2480	4595
31	2911.715912103653	-686.7048348700837	1.340444564819336	7.02716064453125	None	1431.5625538825989	1305.8687834739685	4.24	50	2.573594331741333	0.06576871871948242	484	186	level	2486	4653
32	3041.7226247787476	-686.6696121080031	1.3603460788726807	7.217688322067261	None	1538.6445126533508	1321.4026777744293	4.28	50	2.74566650390625	0.0698542594909668	485	187	level	2494	4714
33	3165.5377831459045	-686.627654676592	1.3802926540374756	7.401247501373291	None	1638.9864764213562	1337.6513760089874	4.24	50	3.8746628761291504	0.06604909896850586	486	188	level	2499	4773
34	3286.9152076244354	-686.5813276219039	1.3982484340667725	7.577768564224243	None	1742.7750415802002	1347.9669826030731	4.3	50	2.1941211223602295	0.07480263710021973	487	189	level	2504	4829
35	3431.816695213318	-686.4650272038365	1.4221842288970947	7.755295038223267	None	1865.8884935379028	1362.248411655426	4.244897959183674	49	4.4491472244262695	0.07647013664245605	488	190	level	2511	4883
36	3557.424784421921	-686.3872355930012	1.4530971050262451	7.924790382385254	None	1972.2240471839905	1374.0895981788635	4.3	50	2.638962745666504	0.06681585311889648	489	191	level	2522	4938
37	3674.385358095169	-686.3872355930012	1.4530971050262451	7.924790382385254	None	2085.4666957855225	1374.0895981788635	4.22	0	-inf	inf	501	192	level	2522	4938
