BendersMethod=level	maxNcuts=3	tol=1e-06	gapTol=0.5	pi0Coef=1.0	timeLimit=3600	poolplus=False	LevelParam=0.01	mip=True	newn=True
1	272.6785342693329	-1156.5181962116026	0.39316630363464355	0.23560881614685059	None	0.40912890434265137	248.7094964981079	2.16	200	2.348106622695923	0.07882118225097656	10	5	level	3078	1049
2	378.8980429172516	-1059.4224315238423	0.467041015625	0.43582677841186523	None	1.6626884937286377	350.22511076927185	2.92	200	1.1259889602661133	0.08074665069580078	38	14	level	3423	1645
3	469.1897785663605	-988.417295062258	0.6744892597198486	0.7171318531036377	None	3.2790756225585938	432.33604645729065	2.995	200	1.972710132598877	0.05884432792663574	54	24	level	4030	2253
4	572.3277742862701	-964.1133071570943	0.722327709197998	0.9953856468200684	None	5.190008878707886	529.3710930347443	2.95	200	1.6535823345184326	0.032948970794677734	64	30	level	4333	2865
5	662.1166965961456	-946.6829900463974	0.7850909233093262	1.303631067276001	None	7.551040410995483	612.2247815132141	2.84	200	2.2749547958374023	0.031919002532958984	76	40	level	4588	3634
6	745.0709326267242	-924.7092091096338	0.8419778347015381	1.650676965713501	None	12.08776068687439	685.710209608078	2.975	200	2.620993137359619	0.03888344764709473	93	49	level	4815	4261
7	842.7517538070679	-910.5184056545165	0.9048528671264648	1.974092960357666	None	17.492507219314575	772.8144311904907	2.935	200	2.155240297317505	0.03390765190124512	105	53	level	5010	4863
8	999.653703212738	-895.9696643769327	0.977696418762207	2.403779983520508	None	26.009251594543457	914.4539704322815	2.945	200	4.38252067565918	0.029959917068481445	119	65	level	5172	5405
9	1160.3230645656586	-889.2167489448198	1.0345854759216309	2.838809013366699	None	36.479331254959106	1057.3833122253418	2.935	200	4.066303014755249	0.04288935661315918	139	67	level	5293	5956
10	1336.985903263092	-883.2404318869053	1.0974931716918945	3.2706267833709717	None	50.762664794921875	1211.8399829864502	2.875	200	3.168529987335205	0.034941911697387695	166	73	level	5432	6432
11	1484.5151720046997	-878.649440083455	1.150388479232788	3.6426281929016113	None	67.21353554725647	1334.8233664035797	2.845	200	3.1266374588012695	0.0319516658782959	183	75	level	5548	6828
12	1663.0757458209991	-874.1982684981725	1.2271838188171387	4.05577540397644	None	82.49022674560547	1490.0105330944061	2.835	200	2.7187306880950928	0.03390955924987793	194	81	level	5689	7211
13	1778.6401357650757	-872.7362343110168	1.2661139965057373	4.437435865402222	None	103.10617709159851	1575.8236455917358	2.865	200	2.9610483646392822	0.03294777870178223	203	87	level	5770	7563
14	1921.0920851230621	-870.519210921514	1.316014289855957	4.829024076461792	None	121.62029099464417	1691.6220726966858	2.7777777777777777	198	3.56846022605896	0.03194880485534668	212	88	level	5863	7883
15	2040.7880482673645	-869.3390735476206	1.3539130687713623	5.227864027023315	None	141.69489455223083	1782.9522352218628	2.695876288659794	194	2.821453332901001	0.03390860557556152	213	94	level	5942	8186
16	2144.237340927124	-868.0100908384505	1.3987946510314941	5.583110809326172	None	162.39896965026855	1857.5508098602295	2.6510416666666665	192	2.6509504318237305	0.03490638732910156	219	95	level	6004	8424
17	2253.99657702446	-867.6817615124215	1.4257235527038574	5.983246564865112	None	185.08285570144653	1936.442632675171	2.65	200	2.533226728439331	0.0338747501373291	220	96	level	6076	8722
18	2347.6531586647034	-867.2551730371255	1.4566433429718018	6.32345175743103	None	206.2541561126709	2001.1613230705261	2.586021505376344	186	3.4467828273773193	0.03389430046081543	236	97	level	6128	8960
19	2434.5968520641327	-866.9933089080835	1.4855701923370361	6.680577754974365	None	232.67985892295837	2052.777872800827	2.5355191256830603	183	2.7755799293518066	0.03390836715698242	241	98	level	6167	9173
20	2515.9345808029175	-866.8065749096902	1.5224671363830566	7.0456702709198	None	256.4846615791321	2102.0827226638794	2.5956284153005464	183	2.9490761756896973	0.03295087814331055	242	99	level	6202	9392
21	2577.1907591819763	-866.6589487079242	1.542414665222168	7.379600763320923	None	278.51444029808044	2133.7907857894897	2.537142857142857	175	2.087421417236328	0.03291153907775879	243	100	level	6220	9579
22	2634.851616859436	-866.4673193482264	1.5653934478759766	7.708728790283203	None	300.80241870880127	2161.529156923294	2.4647058823529413	170	2.359705924987793	0.03394293785095215	244	101	level	6235	9760
23	2694.29368519783	-866.3567218500264	1.5883712768554688	8.049782752990723	None	323.65561866760254	2190.129937171936	2.46242774566474	173	1.8091199398040771	0.03490304946899414	245	102	level	6250	9940
24	2747.9611699581146	-866.2211147040636	1.6123473644256592	8.363895177841187	None	347.3673276901245	2212.263287305832	2.5	160	1.653571367263794	0.034870147705078125	246	103	level	6264	10105
25	2799.3098726272583	-866.1203351138715	1.630263328552246	8.662941455841064	None	369.8066339492798	2233.7259573936462	2.4906832298136647	161	1.135965347290039	0.03294730186462402	251	104	level	6280	10273
26	2848.831497192383	-866.0674492947013	1.648254632949829	8.980175971984863	None	392.29093194007874	2253.0804493427277	2.484848484848485	165	1.5349314212799072	0.03287625312805176	252	105	level	6293	10447
27	2899.4740912914276	-866.0064397245294	1.6652488708496094	9.304212808609009	None	415.09746170043945	2273.402681350708	2.4355828220858897	163	1.5039770603179932	0.0318756103515625	253	106	level	6302	10618
28	2949.910234451294	-865.9879396670891	1.6802098751068115	9.602424144744873	None	438.6382052898407	2292.5910346508026	2.4423076923076925	156	1.823127269744873	0.034873247146606445	254	107	level	6309	10779
29	3004.360679626465	-865.9149317267382	1.6971642971038818	9.928558349609375	None	461.5665397644043	2316.4782102108	2.462962962962963	162	2.0285773277282715	0.03394746780395508	255	108	level	6316	10952
30	3058.1378540992737	-865.8157101556733	1.719104528427124	10.244905710220337	None	485.01527214050293	2339.0124850273132	2.477707006369427	157	1.5279483795166016	0.03490805625915527	256	109	level	6326	11118
31	3105.5930066108704	-865.7665601525385	1.7360994815826416	10.54739761352539	None	506.74542808532715	2357.310358762741	2.4339622641509435	159	1.6066677570343018	0.033907175064086914	257	110	level	6331	11281
32	3157.2009937763214	-865.7456647141511	1.75309419631958	10.864747285842896	None	529.3693754673004	2378.59330368042	2.475	160	1.9856550693511963	0.03390979766845703	258	111	level	6336	11448
33	3199.6780626773834	-865.7417333374385	1.7650620937347412	11.196106672286987	None	551.486923456192	2391.07740855217	2.376543209876543	162	0.8128635883331299	0.03490734100341797	259	112	level	6339	11611
34	3243.740251302719	-865.7336418743947	1.780059814453125	11.496458768844604	None	573.8247964382172	2405.307023048401	2.411764705882353	153	1.4022495746612549	0.03486800193786621	260	113	level	6342	11768
35	3287.607970237732	-865.7120887608899	1.7910850048065186	11.801773071289062	None	596.5244719982147	2418.9952907562256	2.4640522875816995	153	1.164923906326294	0.03490424156188965	261	114	level	6343	11922
36	3327.8065569400787	-865.7120887608899	1.7910850048065186	12.113111734390259	None	618.9121804237366	2429.1787478923798	2.4266666666666667	150	0.8577048778533936	0.03294706344604492	262	115	level	6343	12072
