BendersMethod=level	tol=1e-06	gapTol=1.0	pi0Coef=1.0	timeLimit=3600
1	25.9765408039093	-1172.9515088285475	0.18842244148254395	0.12084627151489258	0.3060758113861084	None	18.845643281936646	None	50	0.27573108673095703	0.08278059959411621	None	None	level	996	187
2	32.803515672683716	-1157.365977369408	0.26021409034729004	0.2047748565673828	0.5873615741729736	None	23.720125675201416	None	50	0.3500227928161621	0.04185056686401367	None	None	level	1209	282
3	42.5789053440094	-1144.7804267462936	0.33501768112182617	0.3325998783111572	1.229071855545044	None	31.072129726409912	None	50	0.6311519145965576	0.041884422302246094	None	None	level	1414	405
4	53.87900710105896	-1131.476761285817	0.42580127716064453	0.47858715057373047	2.1566460132598877	None	39.5173499584198	None	50	0.5600066184997559	0.04942822456359863	None	None	level	1595	526
5	64.42576265335083	-1114.1637028354876	0.439760684967041	0.624290943145752	3.156982421875	None	48.158491134643555	None	50	0.46993446350097656	0.04598402976989746	None	None	level	1672	641
6	76.77904844284058	-1102.1395731943767	0.44872164726257324	0.8057665824890137	4.6621787548065186	None	57.9749493598938	None	50	0.6308407783508301	0.06192803382873535	None	None	level	1748	768
7	88.92632055282593	-1093.7004279068844	0.45969176292419434	0.9883482456207275	6.474222421646118	None	67.26469540596008	None	50	0.7210123538970947	0.06282854080200195	None	None	level	1801	883
8	104.06608152389526	-1081.600033062977	0.4687044620513916	1.2066450119018555	9.140799522399902	None	78.5191023349762	None	50	0.8826425075531006	0.06383132934570312	None	None	level	1851	999
9	122.85131645202637	-1077.9517210181486	0.47870874404907227	1.4781036376953125	13.222209215164185	None	91.85575699806213	None	50	1.079848289489746	0.06768155097961426	None	None	level	1902	1148
10	139.29358744621277	-1069.732386816494	0.48568034172058105	1.728508472442627	17.599827527999878	None	102.61333894729614	None	50	1.7441034317016602	0.07325363159179688	None	None	level	1952	1269
11	158.03480696678162	-1059.7584045608892	0.495668888092041	2.001755714416504	21.770328283309937	None	115.7899706363678	None	50	1.165541648864746	0.07590508460998535	None	None	level	2002	1381
12	182.95831775665283	-1055.6351754404147	0.5056467056274414	2.3593897819519043	29.011367082595825	None	131.54141092300415	None	50	1.182663917541504	0.06971001625061035	None	None	level	2052	1517
13	214.17746710777283	-1051.2489291944194	0.5186107158660889	2.7911128997802734	39.53441262245178	None	150.21735048294067	None	50	1.8929381370544434	0.09370851516723633	None	None	level	2103	1668
14	238.89845418930054	-1047.223103913766	0.526587724685669	3.1392509937286377	48.99649691581726	None	163.77064657211304	None	50	2.2386574745178223	0.08079099655151367	None	None	level	2153	1788
15	267.15219283103943	-1039.59132590852	0.5415019989013672	3.524224042892456	59.104381799697876	None	180.04741024971008	None	50	1.4153056144714355	0.06869244575500488	None	None	level	2203	1916
16	297.48083424568176	-1035.6627460673424	0.5514750480651855	3.958796739578247	70.8124303817749	None	196.64559173583984	None	50	1.7562005519866943	0.08577442169189453	None	None	level	2253	2043
17	334.80710792541504	-1032.8104433926758	0.563438892364502	4.506052732467651	88.81730008125305	None	213.76579523086548	None	50	1.935276746749878	0.08977961540222168	None	None	level	2303	2203
18	368.71271419525146	-1028.2417810295171	0.5774257183074951	4.964263439178467	101.17195987701416	None	233.11443161964417	None	50	1.8071084022521973	0.0847325325012207	None	None	level	2353	2320
19	417.24515199661255	-1024.4525921317063	0.588385820388794	5.598536729812622	123.27812099456787	None	257.08349680900574	None	50	3.8896982669830322	0.11070442199707031	None	None	level	2403	2477
20	461.17263197898865	-1021.9014959477983	0.6003973484039307	6.141773223876953	142.4486367702484	None	279.4355628490448	None	50	2.8501951694488525	0.13942790031433105	None	None	level	2453	2615
21	506.04261445999146	-1019.4777531779196	0.612363338470459	6.719708681106567	161.4197359085083	None	302.73459482192993	None	50	3.4723727703094482	0.09379053115844727	None	None	level	2503	2751
22	566.5985169410706	-1018.3024828290654	0.6233315467834473	7.418463706970215	189.47570633888245	None	332.479519367218	None	50	3.2158565521240234	0.12367486953735352	None	None	level	2553	2909
23	626.8610668182373	-1016.9619535571006	0.6333057880401611	8.126430749893188	219.55155301094055	None	359.8137514591217	None	50	4.156736612319946	0.09000492095947266	None	None	level	2603	3067
24	681.013730764389	-1014.8361243261164	0.6482653617858887	8.835320234298706	243.50635528564453	None	387.02819085121155	None	50	2.491342306137085	0.15662622451782227	None	None	level	2653	3208
25	741.3892924785614	-1012.5157770096207	0.6612241268157959	9.666137218475342	272.89372515678406	None	414.799654006958	None	50	2.4114413261413574	0.13962984085083008	None	None	level	2703	3375
26	784.4082729816437	-1009.6423759460678	0.681168794631958	10.193216562271118	282.5652754306793	None	445.24667286872864	None	50	3.056872844696045	0.18455028533935547	None	None	level	2753	3467
27	881.3896181583405	-1009.144739565713	0.6931381225585938	11.641131401062012	346.69282841682434	None	473.7931978702545	None	50	5.2835633754730225	0.33913755416870117	None	None	level	2803	3750
28	940.7893691062927	-1007.1504825528084	0.7080807685852051	12.409168243408203	370.23404145240784	None	506.21789288520813	None	50	2.6094276905059814	0.192857027053833	None	None	level	2853	3886
29	1023.9040501117706	-1006.170512275545	0.7210452556610107	13.515971422195435	412.9994945526123	None	542.4754812717438	None	50	3.8392815589904785	0.2503349781036377	None	None	level	2903	4082
30	1096.753549337387	-1004.0011872162779	0.7379603385925293	14.398825883865356	436.4656448364258	None	587.9637777805328	None	50	5.33149266242981	0.26329874992370605	None	None	level	2953	4227
31	1182.5709249973297	-1002.523978402203	0.7539167404174805	15.453432083129883	472.59302163124084	None	633.536477804184	None	50	4.680126667022705	0.22635698318481445	None	None	level	3003	4404
32	1291.6069581508636	-1001.9875150100347	0.7688808441162109	16.819141387939453	525.7551908493042	None	684.7874071598053	None	50	5.099398374557495	0.3510587215423584	None	None	level	3053	4625
33	1394.2724986076355	-1001.5182115545732	0.7818453311920166	18.11604404449463	579.6044037342072	None	728.8210847377777	None	50	5.597753524780273	0.17182159423828125	None	None	level	3103	4830
34	1464.431465625763	-1000.0476707549818	0.8017914295196533	18.921075344085693	601.8478214740753	None	772.6506960391998	None	50	4.524083137512207	0.26230549812316895	None	None	level	3153	4951
35	1566.2763628959656	-999.5369046886204	0.8137617111206055	20.229410648345947	657.8945882320404	None	813.5012359619141	None	50	4.534266948699951	0.1746058464050293	None	None	level	3202	5157
36	1663.7281246185303	-998.6836576368747	0.827721357345581	21.318321704864502	695.2611274719238	None	868.9563505649567	None	50	4.922836780548096	0.3261723518371582	None	None	level	3252	5320
37	1813.4368262290955	-998.3428339377303	0.8406877517700195	23.07637095451355	768.0883173942566	None	940.152715921402	None	50	8.401380062103271	0.2853422164916992	None	None	level	3302	5586
38	1899.6771223545074	-997.4031643310976	0.8566431999206543	23.94672656059265	795.5422415733337	None	994.3151290416718	None	50	4.210741758346558	0.36702418327331543	None	None	level	3352	5713
39	2141.4345655441284	-997.2907321168196	0.8696060180664062	26.775057315826416	947.5798828601837	None	1076.7315244674683	None	50	11.070505857467651	0.9122104644775391	None	None	level	3402	6137
40	2246.14772105217	-996.7810724052955	0.8845787048339844	27.911110639572144	985.5638637542725	None	1138.3309814929962	None	50	6.700101613998413	0.2892928123474121	None	None	level	3451	6295
41	2352.067680120468	-996.5624325999216	0.8985400199890137	29.229442596435547	1038.6354565620422	None	1185.6578521728516	None	50	5.530615329742432	0.4185962677001953	None	None	level	3500	6485
42	2470.808653116226	-996.1679785684988	0.9144961833953857	30.364012956619263	1077.5821721553802	None	1260.1098537445068	None	50	7.811631202697754	0.377030611038208	None	None	level	3549	6638
43	2632.9221296310425	-995.8997765146415	0.9314846992492676	32.192387342453	1151.356616973877	None	1342.0750658512115	None	50	7.308013916015625	0.32314419746398926	None	None	level	3598	6881
44	2755.394235610962	-995.4978122202042	0.948436975479126	33.43586230278015	1197.410142660141	None	1412.8719878196716	None	50	5.596718072891235	0.3061800003051758	None	None	level	3647	7043
45	2901.2081823349	-995.1690827459428	0.9673662185668945	35.06082820892334	1260.213442325592	None	1489.60298204422	None	50	7.448437213897705	0.8101911544799805	None	None	level	3694	7259
46	3254.6573293209076	-995.1337120826488	0.9803628921508789	39.43579936027527	1510.0765590667725	None	1583.0734269618988	None	50	12.184097290039062	2.931931257247925	None	None	level	3743	7836
47	3409.1723239421844	-994.9430884992453	0.9983129501342773	40.87596416473389	1571.6618101596832	None	1669.6097075939178	None	50	9.546547174453735	1.0044689178466797	None	None	level	3787	8016
48	3563.7487177848816	-994.8378904437153	1.018263339996338	42.79377102851868	1671.656016111374	None	1717.1593973636627	None	50	7.444076299667358	0.680340051651001	None	None	level	3831	8255
49	3600.0728735923767	-994.7521665860857	1.0341851711273193	43.180787801742554	1686.3970131874084	None	1736.9707884788513	None	15	4.870981454849243	1.0731313228607178	None	None	level	3842	8299
