BendersMethod=level	maxNcuts=5	tol=1e-06	gapTol=0.5	pi0Coef=1.0	timeLimit=3600	poolplus=False	LevelParam=0.01	mip=False	newn=True
1	128.64839887619019	-536.6948578253911	1.1816928386688232	0.2542283535003662	None	0.0	97.60704445838928	5.0	200	0.7171206474304199	0.03095412254333496	10	4	level	4058	1055
2	181.0803577899933	-515.5548494562073	1.4478702545166016	0.6663529872894287	None	0.0	144.23470878601074	5.0	200	1.1449642181396484	0.04384803771972656	34	8	level	4685	2236
3	261.2382969856262	-489.7796840442349	1.8886678218841553	1.277496099472046	None	0.0	215.78617215156555	5.0	200	1.2785847187042236	0.051825761795043945	54	13	level	5492	3838
4	344.5697247982025	-474.00620568636157	2.210873603820801	1.8156802654266357	None	0.0	292.1127314567566	5.0	200	3.2722268104553223	0.11768603324890137	90	21	level	6030	4756
5	466.3603971004486	-456.7393477891552	2.5710608959198	2.3699307441711426	None	0.0	406.60512351989746	5.0	200	3.3121540546417236	0.030884265899658203	105	22	level	6617	5516
6	590.3841547966003	-445.3837592607528	2.6658496856689453	3.0097720623016357	None	0.0	526.1035633087158	5.0	200	3.7310009002685547	0.09275269508361816	133	23	level	6890	6354
7	766.7470903396606	-434.3755861274388	2.7705729007720947	3.7432949542999268	None	0.0	697.449542760849	5.0	200	4.24163556098938	0.029883861541748047	162	26	level	7101	7242
8	942.1605732440948	-426.4219068272691	2.8933212757110596	4.433149576187134	None	0.0	867.7369041442871	5.0	200	9.494637250900269	0.08473515510559082	185	27	level	7294	7837
9	1108.6289913654327	-422.5155366282407	3.0190296173095703	5.11182427406311	None	0.0	1028.9113991260529	5.0	200	3.095726251602173	0.03788018226623535	198	28	level	7462	8328
10	1238.1650834083557	-421.15006985312186	3.1118581295013428	5.808624982833862	None	0.0	1153.0456488132477	5.0	200	2.6389474868774414	0.030918121337890625	204	29	level	7624	8691
11	1346.3195643424988	-420.81479551490577	3.1957077980041504	6.439411640167236	None	0.0	1255.9087266921997	5.0	200	3.075746774673462	0.029954195022583008	205	30	level	7751	8987
12	1432.2283611297607	-420.74368297535744	3.2585830688476562	7.071980953216553	None	0.0	1336.5501976013184	5.0	200	3.8935768604278564	0.03690314292907715	213	31	level	7824	9206
13	1506.2090573310852	-420.7318086827271	3.3224897384643555	7.697854042053223	None	0.0	1405.1595242023468	5.0	200	3.896568536758423	0.03793191909790039	215	32	level	7854	9409
14	1582.301022052765	-420.7269649257556	3.373358964920044	8.318899393081665	None	0.0	1475.8799936771393	5.0	200	3.927521228790283	0.03789973258972168	216	33	level	7865	9613
15	1658.1297402381897	-420.6908302024971	3.4401848316192627	8.947561264038086	None	0.0	1546.3452515602112	5.0	200	1.626659631729126	0.03690075874328613	218	34	level	7872	9816
16	1734.1769070625305	-420.6907233228059	3.492048740386963	9.578568935394287	None	0.0	1617.0186355113983	5.0	200	3.900559663772583	0.032947540283203125	221	35	level	7877	10018
17	1812.5458130836487	-420.690682889438	3.538928747177124	10.214394807815552	None	0.0	1689.8717586994171	5.0	200	3.949463129043579	0.03287959098815918	222	36	level	7880	10220
18	1891.4463047981262	-420.6874713158038	3.5917558670043945	10.8395676612854	None	0.0	1763.0224912166595	5.0	200	3.898564338684082	0.03789997100830078	223	37	level	7883	10423
19	1968.7421135902405	-420.6874416299188	3.637709379196167	11.478630781173706	None	0.0	1834.8586492538452	5.0	200	3.894609212875366	0.03789973258972168	224	38	level	7885	10624
20	2045.0913746356964	-420.68743587383875	3.6896278858184814	12.1135995388031	None	0.0	1905.7574679851532	5.0	200	3.888624429702759	0.032912254333496094	225	39	level	7888	10826
21	2122.259524822235	-420.6874185510581	3.7375118732452393	12.747862339019775	None	0.0	1977.3636865615845	5.0	200	4.023263216018677	0.03195452690124512	226	40	level	7890	11028
22	2200.318258523941	-420.6874133318293	3.7834300994873047	13.358808279037476	None	0.0	2049.9283678531647	5.0	200	3.879612922668457	0.03890275955200195	227	41	level	7892	11229
23	2276.9407901763916	-420.68739814661905	3.833301305770874	13.987012386322021	None	0.0	2120.9719610214233	5.0	200	3.8706350326538086	0.0379033088684082	228	42	level	7894	11429
24	2349.5321521759033	-420.6873855317387	3.884207010269165	14.62755560874939	None	0.0	2187.9288187026978	5.0	200	3.8716323375701904	0.03291726112365723	229	43	level	7896	11632
25	2420.312306165695	-420.6873608598964	3.934131383895874	15.255613327026367	None	0.0	2253.124863386154	5.0	200	3.979346513748169	0.03295159339904785	232	44	level	7898	11833
26	2493.849040031433	-420.6873436071837	3.983037233352661	15.873643398284912	None	0.0	2321.0591769218445	5.0	200	3.8566734790802	0.034894704818725586	233	45	level	7900	12035
27	2566.580995321274	-420.6873361040309	4.045909643173218	16.503830432891846	None	0.0	2388.081109046936	5.0	200	3.880610466003418	0.031949520111083984	234	46	level	7902	12238
28	2641.9747722148895	-420.68732194963974	4.094784498214722	17.133254766464233	None	0.0	2457.779771566391	5.0	200	3.834728956222534	0.03191375732421875	235	47	level	7904	12441
29	2717.319718837738	-420.6873077431426	4.160592555999756	17.750683069229126	None	0.0	2527.325560569763	5.0	200	3.9853155612945557	0.03793692588806152	244	48	level	7906	12642
30	2790.4386065006256	-420.6872941153921	4.225459098815918	18.384703159332275	None	0.0	2594.7158014774323	5.0	200	3.8935763835906982	0.03886246681213379	246	49	level	7908	12843
31	2864.966765165329	-420.6872771468705	4.27736496925354	19.01763677597046	None	0.0	2663.400943040848	5.0	200	3.866647958755493	0.03387451171875	248	50	level	7910	13045
32	2939.7940583229065	-420.6872727755374	4.3362133502960205	19.647783756256104	None	0.0	2732.4863951206207	5.0	200	3.880646228790283	0.032912254333496094	256	51	level	7912	13245
33	3016.434549808502	-420.6872570985226	4.387115716934204	20.284386157989502	None	0.0	2803.1920759677887	5.0	200	3.9544124603271484	0.036902666091918945	258	52	level	7914	13446
34	3091.3815217018127	-420.6872542741099	4.44103217124939	20.915741682052612	None	0.0	2872.3956797122955	5.0	200	3.890580654144287	0.037895917892456055	262	53	level	7916	13647
35	3167.428562402725	-420.68723950194396	4.51087760925293	21.528815746307373	None	0.0	2942.6132888793945	5.0	200	3.8995590209960938	0.038861751556396484	264	54	level	7918	13847
36	3244.600643634796	-420.6872065654053	4.566773891448975	22.159857988357544	None	0.0	3013.8780570030212	5.0	200	3.8796451091766357	0.0388944149017334	266	55	level	7920	14048
37	3324.4365639686584	-420.68717368024824	4.62761116027832	22.793832063674927	None	0.0	3087.8070158958435	5.0	200	4.0312066078186035	0.038931846618652344	269	56	level	7922	14248
38	3399.6089057922363	-420.6871628019204	4.690484523773193	23.40316605567932	None	0.0	3157.0801198482513	5.0	200	3.863687038421631	0.03893089294433594	272	57	level	7924	14448
39	3475.430582523346	-420.687146470711	4.739390134811401	24.01749277114868	None	0.0	3226.969805240631	5.0	200	3.8955678939819336	0.03889799118041992	274	58	level	7926	14648
40	3551.7109673023224	-420.6871440824166	4.790349960327148	24.64382266998291	None	0.0	3297.336663007736	5.0	200	3.8736603260040283	0.03989005088806152	275	59	level	7928	14848
41	3600.0220651626587	-420.6871440824166	4.790349960327148	25.021706104278564	None	0.0	3342.6368675231934	5.0	120	3.9205362796783447	0.039928436279296875	276	60	level	7928	14968
