BendersMethod=level	maxNcuts=20	tol=1e-06	gapTol=0.5	pi0Coef=1.0	timeLimit=3600	poolplus=False	LevelParam=0.01	mip=True	newn=True
1	79.22156929969788	-1131.9407705000604	0.1776261329650879	0.11855411529541016	None	0.11168742179870605	71.58905220031738	15.58	50	2.229275703430176	0.27123045921325684	10	5	level	994	298
2	117.96921610832214	-1084.7397036545854	0.22651267051696777	0.24111652374267578	None	0.23558855056762695	108.31863975524902	18.36	50	2.6050808429718018	0.23237848281860352	38	16	level	1148	480
3	146.25781846046448	-1053.2787612877862	0.28032922744750977	0.39785170555114746	None	0.375338077545166	134.38895058631897	11.66	50	1.0980548858642578	0.22362875938415527	63	22	level	1268	753
4	186.55866956710815	-1041.9341140612353	0.29228711128234863	0.5793402194976807	None	0.540095329284668	172.74701166152954	9.08	50	2.49107027053833	0.1670827865600586	99	34	level	1324	1043
5	232.20944833755493	-1028.0235646658423	0.3062582015991211	0.8213181495666504	None	0.7354214191436768	216.0730538368225	10.54	50	3.3601973056793213	0.2443523406982422	122	58	level	1376	1303
6	273.13053822517395	-1020.6614083481544	0.3202173709869385	1.1045763492584229	None	0.9433441162109375	254.30385398864746	10.56	50	1.8839244842529297	0.21211552619934082	144	70	level	1427	1647
7	333.471962928772	-1014.3185267345797	0.33618760108947754	1.3798058032989502	None	1.1897025108337402	311.66335797309875	10.62	50	2.499555826187134	0.11469483375549316	164	92	level	1477	1848
8	379.75931119918823	-1011.5581681190464	0.3551352024078369	1.702899694442749	None	1.4431540966033936	354.3562345504761	10.94	50	2.2519824504852295	0.14307355880737305	201	107	level	1525	2100
9	428.6833646297455	-1007.7951440281108	0.3681004047393799	2.0273818969726562	None	1.8121535778045654	398.68589663505554	11.08	50	3.060821533203125	0.21538329124450684	218	119	level	1575	2300
10	494.68983244895935	-1005.5726530431873	0.38202929496765137	2.353546142578125	None	2.101313591003418	460.8814055919647	11.18	50	3.028974771499634	0.34033775329589844	250	130	level	1624	2511
11	554.0666832923889	-1004.6689658969259	0.3919954299926758	2.713636636734009	None	2.412343740463257	516.0976393222809	11.92	50	3.144848346710205	0.19752264022827148	279	145	level	1673	2761
12	603.779901266098	-1002.9867222159883	0.40888261795043945	2.9878413677215576	None	2.7274587154388428	561.6716446876526	11.3	50	2.1213526725769043	0.07524657249450684	313	160	level	1721	2925
13	660.1488761901855	-1001.7887308912161	0.42188048362731934	3.2858469486236572	None	3.0524239540100098	613.6909770965576	11.66	50	2.9118852615356445	0.10476207733154297	328	165	level	1768	3095
14	744.2698683738708	-1000.986464464041	0.4387502670288086	3.6288578510284424	None	3.385498285293579	692.841064453125	12.08	50	3.8379695415496826	0.06378674507141113	347	173	level	1816	3279
15	786.5110454559326	-1000.5823798443978	0.45171213150024414	3.9000959396362305	None	3.732682943344116	730.2884433269501	12.2	50	1.8384807109832764	0.10172820091247559	403	178	level	1863	3422
16	836.2696969509125	-1000.0868934497145	0.4677009582519531	4.175482511520386	None	4.1075170040130615	775.200615644455	12.26	50	3.9848222732543945	0.06786417961120605	422	189	level	1907	3532
17	881.9271280765533	-999.476450802	0.4816563129425049	4.454670190811157	None	4.458287000656128	815.93936419487	12.3	50	2.2057080268859863	0.07484197616577148	428	197	level	1950	3651
18	922.6474668979645	-998.9848321378528	0.4986116886138916	4.731042146682739	None	4.823153257369995	851.695211648941	12.68	50	2.27994704246521	0.07181763648986816	440	203	level	1994	3760
19	968.3778409957886	-998.7422353125032	0.5125336647033691	5.019135475158691	None	5.209944725036621	892.0471286773682	12.96	50	2.508540153503418	0.06685948371887207	457	207	level	2032	3881
20	1007.4327147006989	-998.5763888949715	0.5294938087463379	5.2714245319366455	None	5.582809925079346	925.9857580661774	13.08	50	3.3629770278930664	0.06483340263366699	508	210	level	2070	3975
21	1042.4463903903961	-998.2655969999234	0.549480676651001	5.545557737350464	None	5.95163106918335	955.759619474411	13.28	50	2.4883110523223877	0.0698087215423584	535	214	level	2106	4066
22	1077.2864818572998	-998.2053813967333	0.5644407272338867	5.805713415145874	None	6.347525596618652	985.006564617157	13.061224489795919	49	2.4346938133239746	0.07180929183959961	545	216	level	2139	4145
23	1108.3700413703918	-998.0825641389032	0.5843818187713623	6.05685830116272	None	6.729284048080444	1010.8165757656097	13.448979591836734	49	2.024797201156616	0.06781935691833496	546	219	level	2172	4222
24	1149.3087780475616	-997.9835523654159	0.6023335456848145	6.327142000198364	None	7.112151145935059	1046.2830936908722	13.326530612244898	49	3.199471950531006	0.07181191444396973	547	223	level	2210	4330
25	1175.5137264728546	-997.9539469670726	0.6172969341278076	6.583586692810059	None	7.50606107711792	1067.0062568187714	13.48	50	1.8682270050048828	0.07176756858825684	548	224	level	2237	4395
26	1201.516618013382	-997.9211341060029	0.6312606334686279	6.822991132736206	None	7.897259712219238	1087.6639459133148	13.416666666666666	48	2.4445109367370605	0.06781888008117676	549	228	level	2262	4460
27	1224.789707183838	-997.894094086484	0.648179292678833	7.053434133529663	None	8.293031692504883	1105.631680727005	13.41304347826087	46	1.6336710453033447	0.06986355781555176	560	245	level	2285	4520
28	1240.8576669692993	-997.8885774304416	0.6611380577087402	7.2770092487335205	None	8.711667776107788	1115.9938600063324	13.291666666666666	48	0.7230322360992432	0.07285261154174805	561	229	level	2308	4568
29	1262.7727942466736	-997.8751602016882	0.6761369705200195	7.488493204116821	None	9.105557203292847	1132.527880191803	13.478260869565217	46	2.813518762588501	0.06981468200683594	562	231	level	2330	4624
30	1278.3250660896301	-997.8724999665325	0.6851110458374023	7.685931444168091	None	9.521484375	1142.7287957668304	13.159090909090908	44	1.064117670059204	0.06681966781616211	563	245	level	2345	4671
31	1292.0617723464966	-997.8706958995962	0.6980743408203125	7.854507207870483	None	9.918196678161621	1151.3515470027924	12.717948717948717	39	1.3226370811462402	0.07276344299316406	564	257	level	2356	4712
32	1304.8486709594727	-997.8693539335317	0.7090058326721191	8.018852710723877	None	10.329936504364014	1158.9267716407776	12.64102564102564	39	1.0651133060455322	0.06977176666259766	565	247	level	2366	4753
33	1315.2531504631042	-997.8689988367635	0.7179429531097412	8.17153263092041	None	10.72559928894043	1164.328274011612	12.35135135135135	37	1.158907413482666	0.0684056282043457	566	259	level	2371	4792
34	1327.54980635643	-997.8675789246822	0.7299120426177979	8.312206029891968	None	11.119259357452393	1171.6751027107239	12.166666666666666	36	1.839045763015747	0.06781911849975586	567	260	level	2377	4830
35	1339.652936220169	-997.867146053238	0.7408819198608398	8.452959060668945	None	11.555882453918457	1178.418425321579	12.194444444444445	36	1.404247522354126	0.06577777862548828	568	261	level	2384	4867
36	1350.7927949428558	-997.8665163887732	0.7489182949066162	8.588595867156982	None	11.945630550384521	1184.6500747203827	11.971428571428572	35	2.2030715942382812	0.06379151344299316	569	262	level	2388	4904
37	1359.8718509674072	-997.8604838022464	0.7608423233032227	8.71226692199707	None	12.34839916229248	1189.0593674182892	11.424242424242424	33	1.4959614276885986	0.06782221794128418	570	263	level	2389	4938
38	1368.29368019104	-997.8592023161248	0.7708117961883545	8.82993221282959	None	12.747139930725098	1192.7653980255127	11.545454545454545	33	0.7639586925506592	0.0718085765838623	571	264	level	2390	4971
39	1377.084631204605	-997.8590875460114	0.7798182964324951	8.955524444580078	None	13.139848709106445	1196.6740176677704	11.558823529411764	34	0.7163937091827393	0.07071113586425781	572	265	level	2394	5005
40	1386.0815122127533	-997.859085237276	0.7877614498138428	9.076370000839233	None	13.530646562576294	1200.8947558403015	11.666666666666666	33	0.693152666091919	0.0638730525970459	573	266	level	2395	5038
41	1395.2492065429688	-997.859085237276	0.7877614498138428	9.19503402709961	None	13.933262825012207	1205.167885541916	11.666666666666666	33	0.8367648124694824	0.06681537628173828	574	267	level	2395	5071
