BendersMethod=level	maxNcuts=3	tol=1e-06	gapTol=0.5	pi0Coef=1.0	timeLimit=3600	poolplus=False	LevelParam=0.01	mip=True	newn=True
1	46.65832281112671	-803.6133365506438	0.15363144874572754	0.04697108268737793	None	0.062081336975097656	39.898566007614136	1.02	50	0.6911554336547852	0.2892265319824219	10	5	level	891	191
2	68.9288125038147	-689.6207384677291	0.19452381134033203	0.06792044639587402	None	0.1340806484222412	60.78961157798767	1.2	50	0.6712064743041992	0.1875004768371582	24	13	level	1053	242
3	87.9100911617279	-646.203771638206	0.20649123191833496	0.12485003471374512	None	0.37723708152770996	78.67997145652771	2.8	50	0.8606669902801514	0.04088926315307617	28	16	level	1124	407
4	109.45252466201782	-634.728919847238	0.2134709358215332	0.1828594207763672	None	0.7078535556793213	98.9154794216156	2.5	50	3.0887160301208496	0.03490781784057617	53	24	level	1176	555
5	133.11130738258362	-627.7125954642871	0.2184903621673584	0.24766254425048828	None	1.3831787109375	120.84349203109741	2.86	50	1.758298635482788	0.03590655326843262	76	31	level	1217	698
6	159.3462016582489	-617.9179769022527	0.2235124111175537	0.3116636276245117	None	2.234102487564087	145.07808685302734	2.96	50	1.4680423736572266	0.03590583801269531	87	39	level	1262	832
7	189.65226030349731	-613.456356939797	0.2285323143005371	0.3835158348083496	None	3.265343189239502	173.09970140457153	2.98	50	1.9448046684265137	0.03789782524108887	105	44	level	1299	981
8	225.9472737312317	-609.5048315940995	0.23551511764526367	0.4642324447631836	None	4.652782917022705	206.6217885017395	2.96	50	2.2021148204803467	0.03193974494934082	122	55	level	1337	1121
9	256.0657539367676	-604.1075359125729	0.24349355697631836	0.5380570888519287	None	6.419927597045898	233.5644588470459	2.88	50	1.788219928741455	0.03391265869140625	125	64	level	1372	1224
10	296.45682287216187	-599.5804459292697	0.24851560592651367	0.629774808883667	None	8.27695918083191	270.575724363327	2.96	50	2.9890127182006836	0.03191375732421875	137	66	level	1408	1337
11	324.42608428001404	-597.7983920119082	0.25246334075927734	0.7045793533325195	None	10.506234884262085	294.78497099876404	2.938775510204082	49	1.772263526916504	0.032912492752075195	149	68	level	1432	1416
12	361.6047372817993	-596.9358851116534	0.2574467658996582	0.7852160930633545	None	13.066475629806519	327.74177074432373	3.0	50	2.317807674407959	0.034871816635131836	158	76	level	1462	1513
13	388.9107713699341	-595.7026200201112	0.26243019104003906	0.8480427265167236	None	15.906058073043823	350.5737352371216	2.938775510204082	49	1.4182121753692627	0.03494572639465332	161	81	level	1491	1593
14	414.6898868083954	-595.0399691218222	0.2684144973754883	0.912874698638916	None	19.247389793395996	371.3260500431061	2.9361702127659575	47	1.321470022201538	0.03490495681762695	163	82	level	1517	1662
15	436.78683972358704	-594.6955912571281	0.2743992805480957	0.977719783782959	None	22.796297311782837	388.23076581954956	2.8636363636363638	44	1.9507513046264648	0.03391122817993164	153	83	level	1537	1717
16	453.6108829975128	-594.6618728789313	0.27838826179504395	1.037498950958252	None	26.420976400375366	399.75600123405457	2.9069767441860463	43	2.0026485919952393	0.03390860557556152	166	84	level	1550	1777
17	469.700888633728	-594.4875025626991	0.28340911865234375	1.092313528060913	None	30.704917669296265	409.95338892936707	2.864864864864865	37	1.5239295959472656	0.033911705017089844	163	85	level	1561	1823
18	488.9215667247772	-594.2879767134377	0.2874324321746826	1.1531586647033691	None	35.75816226005554	422.4657506942749	2.871794871794872	39	1.3533830642700195	0.03487229347229004	167	87	level	1577	1878
19	504.09099292755127	-594.1661223848291	0.2924203872680664	1.2100765705108643	None	40.29345226287842	431.42462253570557	2.7948717948717947	39	0.9335055351257324	0.03490614891052246	170	88	level	1590	1922
20	516.0330803394318	-594.1431265586891	0.2964456081390381	1.2539539337158203	None	45.6018500328064	436.477801322937	2.8666666666666667	30	1.463090181350708	0.03490781784057617	170	90	level	1593	1954
21	523.6308176517487	-594.1431265586891	0.2964456081390381	1.2969131469726562	None	50.55221772193909	437.5367708206177	2.6451612903225805	31	0.23935961723327637	0.033911943435668945	171	91	level	1593	1986
