BendersMethod=level	maxNcuts=10	tol=1e-06	gapTol=0.5	pi0Coef=1.0	timeLimit=7200	poolplus=False	LevelParam=0.01	mip=True	newn=True
1	206.6796360015869	-1166.387378585486	0.41686511039733887	0.18573498725891113	None	0.24593329429626465	184.6293008327484	4.42	200	1.0113372802734375	0.28822970390319824	10	5	level	2834	749
2	295.8293766975403	-1037.7929540933544	0.5006420612335205	0.33473730087280273	None	0.5399746894836426	270.4746901988983	2.525	200	0.8168187141418457	0.17946410179138184	25	12	level	3173	953
3	414.487220287323	-974.9549841800181	0.7529664039611816	0.6327066421508789	None	0.8833680152893066	380.1702415943146	3.055	200	2.699782133102417	0.0318758487701416	29	15	level	3706	1493
4	550.8517768383026	-949.2997450126708	0.8128066062927246	1.0347838401794434	None	1.4330010414123535	509.75577545166016	3.335	200	2.013620615005493	0.10671544075012207	46	20	level	3986	2276
5	708.9063665866852	-935.1353998405662	0.8726484775543213	1.5565223693847656	None	2.1072771549224854	659.4156270027161	3.915	200	4.954761028289795	0.09873723983764648	69	29	level	4195	3077
6	863.4672496318817	-916.0765478150241	0.9215607643127441	2.0279958248138428	None	2.7974910736083984	807.0924880504608	5.425	200	3.7170650959014893	0.03486967086791992	105	40	level	4381	3854
7	1069.443677663803	-904.7617507630482	0.9754183292388916	2.511199951171875	None	3.3838467597961426	1006.536182641983	5.445	200	3.8298046588897705	0.03192472457885742	124	46	level	4555	4679
8	1252.1014750003815	-898.5992830983942	1.025282382965088	3.022472620010376	None	3.983035087585449	1182.1210625171661	5.44	200	3.617288589477539	0.03690075874328613	146	54	level	4729	5421
9	1466.9142727851868	-892.423472106154	1.0781772136688232	3.534505605697632	None	4.637323617935181	1389.5004496574402	6.195	200	3.1216561794281006	0.03390789031982422	162	55	level	4893	6134
10	1703.0061819553375	-889.0679729274191	1.1300153732299805	4.106356143951416	None	5.412842750549316	1617.497400522232	6.95	200	3.830796718597412	0.03589224815368652	184	65	level	5068	6764
11	1893.7842376232147	-886.9553843975485	1.1788311004638672	4.652975082397461	None	6.284292459487915	1799.6631457805634	7.1206030150753765	199	4.659545183181763	0.0359044075012207	198	69	level	5215	7351
12	2060.5136132240295	-885.9642660025972	1.2187590599060059	5.191929578781128	None	7.113600254058838	1957.6754004955292	7.252525252525253	198	2.7985610961914062	0.03490710258483887	226	80	level	5356	7871
13	2225.7558856010437	-885.2062429214225	1.2736470699310303	5.699310064315796	None	8.509231567382812	2113.4326608181	7.96969696969697	198	3.9214935302734375	0.0359036922454834	232	84	level	5486	8283
14	2374.942065000534	-884.8992268255369	1.321554183959961	6.261302709579468	None	10.065373420715332	2252.4415514469147	8.202020202020202	198	3.513606071472168	0.03689694404602051	242	85	level	5596	8669
ObjVal: -883.7599763842047	ObjBnd: -883.7599763842047	BnCTime: 6.045836925506592	No. of MIP solns: 3	BendersTime: 3.1285083293914795	RecourseTime: 1.0284521579742432	TotalTime: 2380.9998755455017
