BendersMethod=level	maxNcuts=5	tol=1e-06	gapTol=0.5	pi0Coef=1.0	timeLimit=3600	poolplus=True	LevelParam=0.01	mip=True	newn=True
1	50.370376110076904	-438.34410250353636	0.42023658752441406	0.05581927299499512	None	0.06185770034790039	35.24665451049805	2.02	50	0.7759604454040527	0.09873843193054199	10	3	level	1191	258
2	68.92477583885193	-371.81906392472746	0.4492018222808838	0.14653229713439941	None	0.18042755126953125	52.08242583274841	3.54	50	1.0561761856079102	0.08776712417602539	29	11	level	1269	524
3	103.16822934150696	-360.5343923623223	0.46918511390686035	0.276216983795166	None	0.4434835910797119	84.18931245803833	3.94	50	6.377949476242065	0.03386831283569336	51	22	level	1343	846
4	137.25506377220154	-345.7919815026759	0.49212026596069336	0.40264225006103516	None	0.8713054656982422	115.59931802749634	3.98	50	4.95372200012207	0.08776664733886719	80	32	level	1413	1127
5	169.78712725639343	-333.16374620464467	0.5130650997161865	0.5487701892852783	None	1.5670151710510254	144.8527443408966	4.02	50	2.3965587615966797	0.10775041580200195	113	38	level	1475	1375
6	216.34067749977112	-325.55767545292633	0.527106761932373	0.7212638854980469	None	2.7813053131103516	187.27751660346985	4.62	50	3.112715721130371	0.05089902877807617	123	52	level	1529	1651
7	249.13799142837524	-317.49750910147486	0.543102502822876	0.8827762603759766	None	4.558741331100464	215.0117781162262	4.78	50	2.388613224029541	0.04288601875305176	143	75	level	1571	1853
8	297.6193883419037	-313.32823346556563	0.5581045150756836	1.0810320377349854	None	7.532119512557983	256.8602945804596	4.94	50	3.1365787982940674	0.050827741622924805	159	84	level	1615	2082
9	353.0740976333618	-309.8602981964818	0.5710697174072266	1.285398006439209	None	11.380945205688477	304.57785630226135	4.9	50	3.583418607711792	0.04491448402404785	172	94	level	1659	2327
10	413.6032774448395	-305.4779990762712	0.5880262851715088	1.4837110042572021	None	18.00469470024109	354.2502975463867	4.82	50	3.989347457885742	0.04288506507873535	198	96	level	1703	2495
11	473.36555004119873	-302.2978433992818	0.6009924411773682	1.7001068592071533	None	25.041154384613037	402.49816060066223	4.92	50	5.526236534118652	0.048883914947509766	214	106	level	1742	2700
12	547.028617143631	-298.67277361203526	0.6179459095001221	1.9103543758392334	None	38.854275941848755	457.45734548568726	4.84	50	3.747981309890747	0.04591178894042969	237	119	level	1786	2850
13	615.2023265361786	-297.25743577534934	0.6309139728546143	2.1286778450012207	None	55.28022789955139	504.1147937774658	4.8	50	3.884650230407715	0.07280659675598145	246	124	level	1825	3011
14	694.5013630390167	-295.37796537990573	0.6439154148101807	2.324087381362915	None	81.10225987434387	552.1512792110443	4.88	50	3.1425647735595703	0.04188966751098633	254	133	level	1864	3144
15	779.7015569210052	-293.6083532308833	0.6589133739471436	2.535440444946289	None	106.03648781776428	606.6675815582275	4.84	50	3.764969825744629	0.04192686080932617	267	139	level	1902	3303
16	877.3166296482086	-292.7766568340895	0.6718788146972656	2.7339210510253906	None	140.7117350101471	663.64799451828	4.82	50	6.186460733413696	0.047837257385253906	277	149	level	1937	3426
17	964.6182022094727	-292.0194675945017	0.6908283233642578	2.9044156074523926	None	179.395498752594	706.1483502388	4.52	50	2.670858383178711	0.04289865493774414	297	151	level	1968	3530
18	1043.9701018333435	-291.55006131900234	0.7058286666870117	3.1049184799194336	None	216.87924003601074	741.9515120983124	4.8	50	3.1675679683685303	0.049869537353515625	323	152	level	1996	3652
19	1119.8382744789124	-291.1252924101643	0.7227861881256104	3.2744178771972656	None	259.49133110046387	768.8724417686462	4.7	50	3.7679262161254883	0.045915842056274414	344	161	level	2021	3732
20	1208.2438983917236	-290.7191371678048	0.7347862720489502	3.473876476287842	None	309.75403881073	800.4820613861084	4.66	50	2.7805323600769043	0.04488325119018555	363	165	level	2049	3836
21	1299.71835064888	-290.3721667904729	0.7477564811706543	3.651294469833374	None	364.01734495162964	830.9156856536865	4.5	50	3.048811912536621	0.047911643981933594	393	169	level	2070	3916
22	1398.189139842987	-290.21191695327786	0.7587769031524658	3.8158817291259766	None	435.055624961853	851.4746649265289	4.5	50	3.7369699478149414	0.04683852195739746	406	171	level	2082	3989
23	1474.9977629184723	-290.13518877119617	0.7727358341217041	3.983489513397217	None	495.0174071788788	861.3971843719482	4.54	50	2.3557376861572266	0.04387807846069336	407	172	level	2087	4053
24	1568.9935021400452	-289.9990899231026	0.7837457656860352	4.160871982574463	None	564.8468296527863	878.3917346000671	4.58	50	2.1243579387664795	0.04488015174865723	414	173	level	2099	4128
25	1671.8834099769592	-289.88150513885256	0.7937555313110352	4.339344501495361	None	633.855503320694	905.3517220020294	4.58	50	5.403587579727173	0.04587697982788086	417	174	level	2115	4207
26	1780.4880692958832	-289.73224715134194	0.8047275543212891	4.50682806968689	None	714.7781059741974	925.8320453166962	4.551020408163265	49	2.699819803237915	0.04787254333496094	427	175	level	2128	4284
27	1902.615611076355	-289.69855401295945	0.8157339096069336	4.672367572784424	None	818.5995490550995	936.6319801807404	4.571428571428571	49	2.432495355606079	0.04691362380981445	431	176	level	2135	4349
28	2010.1202101707458	-289.6765391315243	0.8247485160827637	4.829889535903931	None	907.3761067390442	947.9269731044769	4.46	50	2.6090240478515625	0.04787445068359375	435	177	level	2141	4415
29	2130.338783979416	-289.6482307689048	0.8347575664520264	4.991399049758911	None	1008.7111728191376	959.2273552417755	4.52	50	2.3836278915405273	0.04687190055847168	458	178	level	2148	4478
30	2238.9255278110504	-289.5660451279879	0.8447673320770264	5.142029047012329	None	1100.849909067154	968.0615577697754	4.458333333333333	48	2.2130815982818604	0.0478365421295166	481	179	level	2153	4537
31	2348.1295437812805	-289.47929084526464	0.856773853302002	5.3115434646606445	None	1190.9054930210114	979.4958829879761	4.54	50	3.1375725269317627	0.045873403549194336	500	180	level	2160	4605
32	2485.4913232326508	-289.4615168095677	0.8677840232849121	5.471093654632568	None	1307.8210830688477	992.3974232673645	4.5	48	2.409560203552246	0.04587697982788086	513	181	level	2166	4675
33	2616.022401332855	-289.3719486808931	0.8817453384399414	5.6067795753479	None	1420.7291460037231	1002.309020280838	4.408163265306122	49	1.5947701930999756	0.05090451240539551	537	182	level	2172	4735
34	2756.698319911957	-289.30039358838525	0.8947126865386963	5.776284217834473	None	1540.131083726883	1015.7799010276794	4.48	50	3.5275700092315674	0.04887056350708008	544	186	level	2180	4799
35	2936.157557487488	-289.2756562128618	0.9046885967254639	5.944818019866943	None	1701.2913746833801	1025.9008820056915	4.5	50	3.260322332382202	0.04886674880981445	548	191	level	2185	4865
36	3086.4759085178375	-289.2363188847497	0.9156768321990967	6.09738564491272	None	1837.7388684749603	1031.8220384120941	4.58	50	1.0572190284729004	0.048876047134399414	549	196	level	2189	4919
37	3229.3791868686676	-289.15811511425835	0.9266481399536133	6.255944490432739	None	1957.552850484848	1046.9865963459015	4.541666666666667	48	4.46108341217041	0.047838449478149414	553	198	level	2195	4978
38	3451.2901146411896	-289.15792270988015	0.9336283206939697	6.407473802566528	None	2166.465447664261	1051.8425874710083	4.42	50	0.906541109085083	0.04886627197265625	568	199	level	2197	5029
39	3647.191390514374	-289.15792270988015	0.9336283206939697	6.407473802566528	None	2356.413555622101	1051.8425874710083	4.448979591836735	0	-inf	inf	575	200	level	2197	5029
