BendersMethod=level	maxNcuts=10	tol=1e-06	gapTol=0.5	pi0Coef=1.0	timeLimit=7200	poolplus=False	LevelParam=0.01	mip=True	newn=True
1	281.0797200202942	-1118.9670527949393	0.5703861713409424	0.21064424514770508	None	0.40244174003601074	257.4200716018677	1.565	200	2.7855961322784424	0.24634265899658203	10	4	level	3231	783
2	416.4067368507385	-1066.8610157797334	0.6801304817199707	0.5029048919677734	None	0.8594958782196045	388.29479813575745	2.945	200	2.996323823928833	0.14631271362304688	32	10	level	3546	1484
3	516.4813735485077	-1037.012615857267	0.7688899040222168	0.8871805667877197	None	1.402693748474121	482.9870891571045	3.62	200	1.3943212032318115	0.04887199401855469	53	18	level	3841	2372
4	638.0429286956787	-1029.3217858762503	0.8377442359924316	1.4297270774841309	None	1.9672317504882812	598.283980846405	3.995	200	1.9709551334381104	0.05385756492614746	80	30	level	4074	3403
5	785.7002549171448	-1019.1587523820323	0.9115304946899414	2.085054397583008	None	2.597489356994629	738.6875619888306	4.745	200	2.9062681198120117	0.0388946533203125	104	37	level	4270	4343
6	953.9302506446838	-1009.6282808160786	1.0172853469848633	2.80208420753479	None	3.294461727142334	898.6163399219513	5.23	200	3.664313793182373	0.03830909729003906	126	41	level	4468	5154
7	1121.5468866825104	-1003.4400792467413	1.1220073699951172	3.5996077060699463	None	4.055524826049805	1056.8964717388153	5.465	200	2.3364129066467285	0.04887652397155762	156	44	level	4644	6010
8	1319.9899127483368	-999.6258084743539	1.2088088989257812	4.476242303848267	None	4.882026195526123	1245.1556572914124	5.835	200	3.433823585510254	0.05134248733520508	187	62	level	4817	6746
9	1517.0239398479462	-997.5543694087601	1.295541763305664	5.327087640762329	None	5.743669033050537	1431.4771819114685	5.785	200	2.5970611572265625	0.04791879653930664	227	63	level	4997	7456
10	1683.331387758255	-995.7039495504089	1.3683514595031738	6.244135618209839	None	6.61179780960083	1586.4122500419617	6.19	200	3.2084295749664307	0.04288220405578613	249	64	level	5153	8136
11	1864.8420128822327	-994.4550184834175	1.4641320705413818	7.131803750991821	None	7.619095325469971	1755.5508012771606	6.31	200	3.9694156646728516	0.04288482666015625	283	65	level	5310	8712
12	2002.815509557724	-993.7136614850176	1.5518994331359863	7.961728811264038	None	8.681841850280762	1880.8737931251526	6.515	200	2.614063024520874	0.045484304428100586	296	66	level	5450	9177
13	2118.5884549617767	-993.2109885094459	1.6286940574645996	8.765197515487671	None	9.879143953323364	1983.9900312423706	6.635	200	2.0804858207702637	0.04511117935180664	314	67	level	5569	9588
14	2218.6260240077972	-992.9168157769649	1.7114784717559814	9.52759075164795	None	11.206301212310791	2070.8761785030365	6.733668341708543	199	3.5196194648742676	0.04292726516723633	319	68	level	5665	9905
ObjVal: -987.6749751914349	ObjBnd: -987.6749751914349	BnCTime: 269.35413122177124	No. of MIP solns: 138	BendersTime: 162.94678330421448	RecourseTime: 0.0	TotalTime: 2488.0031003952026
