BendersMethod=level	maxNcuts=10	tol=1e-06	gapTol=0.05	pi0Coef=1.0	timeLimit=3600	poolplus=False	LevelParam=0.01	mip=False	newn=False
1	67.56846261024475	-441.5075038624215	0.3063199520111084	0.5657212734222412	None	0.0	56.50127148628235	10.0	50	1.4899821281433105	0.3151254653930664	10	3	level	985	1005
2	148.3236174583435	-423.04330221256197	0.3572213649749756	1.3857049942016602	None	0.0	134.01437759399414	10.0	50	7.588751554489136	0.458773136138916	126	24	level	1149	2029
3	297.7821650505066	-385.7255358290624	0.4300217628479004	2.490110397338867	None	0.0	278.8277976512909	10.0	50	8.654866933822632	0.9823741912841797	266	60	level	1347	3163
4	576.9834020137787	-319.8569070657981	0.5197782516479492	3.8581576347351074	None	0.0	552.2973527908325	10.0	50	13.130901098251343	1.6346404552459717	375	119	level	1546	4344
5	769.269613981247	-309.94522049910415	0.5945789813995361	5.127915143966675	None	0.0	739.0217061042786	10.0	50	5.732288122177124	0.34205102920532227	462	229	level	1676	5258
6	935.2260320186615	-304.2891857966842	0.6035308837890625	6.466484069824219	None	0.0	899.8051066398621	10.0	50	5.6977691650390625	0.9784212112426758	528	252	level	1725	6152
7	1098.732973575592	-300.0202028635778	0.6154971122741699	7.305408239364624	None	0.0	1058.6070041656494	10.0	50	6.308139085769653	1.2905528545379639	626	263	level	1775	6588
8	1228.5938591957092	-297.41087935418244	0.6274638175964355	8.01848030090332	None	0.0	1183.7318840026855	10.0	50	5.922132968902588	0.09873032569885254	670	268	level	1817	6918
9	1320.4268989562988	-296.2309409827603	0.6394319534301758	8.604043960571289	None	0.0	1270.9137227535248	10.0	50	4.356355667114258	0.09976863861083984	686	280	level	1856	7131
10	1393.2662012577057	-295.5078556931878	0.652397632598877	9.117627382278442	None	0.0	1339.0907144546509	10.0	50	3.4767074584960938	0.09570980072021484	722	282	level	1887	7276
11	1437.1249685287476	-295.141068320625	0.6633679866790771	9.552525520324707	None	0.0	1378.4468824863434	10.0	50	2.4584290981292725	0.09275197982788086	751	288	level	1916	7357
12	1474.487099647522	-295.0518114052418	0.6753363609313965	9.96945595741272	None	0.0	1411.3821620941162	10.0	50	1.795201301574707	0.09674477577209473	768	290	level	1927	7425
13	1509.4426987171173	-295.01272461680634	0.6843123435974121	10.38227891921997	None	0.0	1441.821357011795	10.0	50	1.9647488594055176	0.09969735145568848	778	291	level	1935	7487
14	1538.2616336345673	-295.01272461680634	0.6843123435974121	10.780191659927368	None	0.0	1466.089777469635	10.0	50	1.1559092998504639	0.09870290756225586	784	292	level	1935	7537
