BendersMethod=level	maxNcuts=20	tol=1e-06	gapTol=0.5	pi0Coef=1.0	timeLimit=3600	poolplus=False	LevelParam=0.01	mip=False	newn=True
1	84.0455539226532	-424.8941688327619	1.2115662097930908	0.16856026649475098	None	0.0	59.095969915390015	17.08	50	2.1981215476989746	0.20101046562194824	10	5	level	1177	346
2	131.91321277618408	-400.2860989741979	1.3363137245178223	0.4358525276184082	None	0.0	104.32410669326782	19.02	50	3.086348056793213	0.28822898864746094	54	10	level	1317	703
3	182.894513130188	-392.1130523020184	1.482879400253296	0.7898414134979248	None	0.0	152.33841276168823	19.52	50	5.174429178237915	0.3410940170288086	111	26	level	1461	1067
4	237.3897521495819	-387.8225600287788	1.5067756175994873	1.2423748970031738	None	0.0	204.32036137580872	19.68	50	3.0726380348205566	0.42902278900146484	145	45	level	1529	1465
5	295.1365671157837	-382.68458522601236	1.5374839305877686	1.7837722301483154	None	0.0	259.1506931781769	19.68	50	3.230390787124634	0.43679165840148926	175	58	level	1591	1844
6	368.17168402671814	-379.4591307847059	1.5663678646087646	2.3874919414520264	None	0.0	328.93636298179626	19.68	50	5.689208030700684	0.5126659870147705	213	66	level	1646	2188
7	441.99855494499207	-373.84759653213075	1.6012368202209473	2.9891698360443115	None	0.0	399.35150837898254	19.68	50	5.491315841674805	0.28324151039123535	280	74	level	1701	2436
8	523.5450298786163	-371.48128079244225	1.6201486587524414	3.68239164352417	None	0.0	477.00203824043274	19.68	50	5.15450644493103	0.47217273712158203	295	85	level	1751	2751
9	600.859384059906	-368.4330864272302	1.642090082168579	4.347671031951904	None	0.0	550.3597354888916	19.68	50	3.456791877746582	0.3729729652404785	318	99	level	1801	2965
10	658.7343773841858	-367.4964917374507	1.662034273147583	5.05203652381897	None	0.0	604.092426776886	19.68	50	2.9630789756774902	0.37022948265075684	337	100	level	1851	3233
11	746.8230457305908	-365.1477860466885	1.689957857131958	5.7710957527160645	None	0.0	687.7017631530762	19.68	50	3.9269680976867676	0.28528261184692383	364	106	level	1901	3429
12	823.5459659099579	-364.2658521287243	1.7118990421295166	6.5539445877075195	None	0.0	759.7437374591827	19.68	50	3.6435329914093018	0.30917787551879883	413	123	level	1951	3651
13	910.2513740062714	-363.29322806954667	1.7438125610351562	7.328719854354858	None	0.0	841.6176784038544	19.68	50	6.2795045375823975	0.2682926654815674	436	130	level	2001	3836
14	1008.6134300231934	-362.44802771585915	1.7727136611938477	8.12266492843628	None	0.0	934.9474985599518	19.68	50	6.187210559844971	0.3630716800689697	474	132	level	2051	4015
15	1104.9695675373077	-361.93781494543475	1.8036644458770752	8.921667098999023	None	0.0	1026.2758626937866	19.68	50	6.8480446338653564	0.3515055179595947	491	139	level	2100	4198
16	1182.985740184784	-361.6057132290182	1.8336212635040283	9.716561794281006	None	0.0	1099.1366715431213	19.68	50	4.019302606582642	0.31582069396972656	503	143	level	2150	4355
17	1273.7280292510986	-361.08331900144753	1.8775062561035156	10.54328441619873	None	0.0	1184.3260357379913	19.68	50	8.552395343780518	0.27426624298095703	507	147	level	2200	4491
18	1352.718525648117	-360.6323955648039	1.9174363613128662	11.353928804397583	None	0.0	1257.9321262836456	19.68	50	6.341064691543579	0.29824352264404297	523	151	level	2250	4610
19	1424.0701034069061	-360.4647820650137	1.959324836730957	12.168756484985352	None	0.0	1323.798990726471	19.68	50	3.9174845218658447	0.29824376106262207	535	156	level	2299	4728
20	1494.1154057979584	-360.2595787185638	1.9942657947540283	12.99823522567749	None	0.0	1388.0730051994324	19.68	50	4.790245532989502	0.3020131587982178	553	159	level	2349	4840
21	1571.0896859169006	-360.1513813563346	2.0301711559295654	13.834270477294922	None	0.0	1459.3201706409454	19.68	50	8.085407018661499	0.28121089935302734	563	160	level	2397	4955
22	1634.6056728363037	-360.0730473084599	2.0661122798919678	14.627059698104858	None	0.0	1517.1437520980835	19.68	50	3.483973979949951	0.2852783203125	574	161	level	2443	5053
23	1693.7873194217682	-360.01967335435666	2.108001470565796	15.4307861328125	None	0.0	1570.3634541034698	19.68	50	5.04673171043396	0.27136993408203125	591	163	level	2491	5133
24	1754.365224123001	-359.98953390369905	2.149923324584961	16.246582746505737	None	0.0	1624.9052364826202	19.68	50	5.137563705444336	0.1558823585510254	595	165	level	2536	5213
25	1808.7493159770966	-359.9672115252634	2.185863494873047	17.019616842269897	None	0.0	1673.2931582927704	19.68	50	3.5008704662323	0.2812511920928955	598	169	level	2579	5285
26	1858.8292672634125	-359.95451470081656	2.222734212875366	17.778536319732666	None	0.0	1717.4123528003693	19.68	50	5.60248589515686	0.27829766273498535	601	171	level	2620	5351
27	1903.7560963630676	-359.94689410282353	2.260631799697876	18.547311782836914	None	0.0	1756.4063029289246	19.68	50	2.7309348583221436	0.27205777168273926	606	174	level	2658	5409
28	1950.1133170127869	-359.9422494735911	2.296574115753174	19.33262801170349	None	0.0	1796.749881029129	19.68	50	3.144686460494995	0.16456294059753418	609	176	level	2688	5468
29	1990.3117887973785	-359.9400838698129	2.335439443588257	20.111504554748535	None	0.0	1830.9674353599548	19.68	50	2.825410842895508	0.1406254768371582	610	177	level	2710	5521
30	2033.0394151210785	-359.939147050315	2.367353677749634	20.863564491271973	None	0.0	1867.6933319568634	19.68	50	5.082649230957031	0.11873817443847656	612	180	level	2727	5575
31	2071.1156771183014	-359.93895069275146	2.3932883739471436	21.6310932636261	None	0.0	1899.634839296341	19.68	50	1.5349373817443848	0.11166024208068848	613	184	level	2738	5626
32	2110.453170776367	-359.9388547772938	2.4172580242156982	22.393845796585083	None	0.0	1932.9713678359985	19.68	50	1.7932231426239014	0.15160560607910156	615	186	level	2744	5677
33	2148.6271748542786	-359.93878842536066	2.440197706222534	23.147705078125	None	0.0	1965.2589569091797	19.68	50	1.6625187397003174	0.14362096786499023	619	187	level	2751	5727
34	2188.1200239658356	-359.93878724923826	2.462139129638672	23.90565252304077	None	0.0	1998.6033856868744	19.68	50	2.8386292457580566	0.13264203071594238	621	188	level	2752	5778
35	2227.1016986370087	-359.9387857856536	2.483085870742798	24.691864013671875	None	0.0	2031.41583776474	19.68	50	3.060093402862549	0.1296095848083496	623	189	level	2753	5829
36	2264.25625538826	-359.93877855911364	2.50403094291687	25.46001958847046	None	0.0	2062.5307672023773	19.68	50	1.548487901687622	0.1146554946899414	626	190	level	2754	5879
37	2302.980500459671	-359.9387677119171	2.5259742736816406	26.237856149673462	None	0.0	2095.137957572937	19.68	50	1.5890045166015625	0.14561080932617188	630	191	level	2755	5929
38	2340.960545063019	-359.93875871276373	2.5488970279693604	26.997774362564087	None	0.0	2126.984125852585	19.68	50	1.7433395385742188	0.1266648769378662	632	192	level	2756	5979
39	2378.443770647049	-359.93875871276373	2.5488970279693604	27.77752661705017	None	0.0	2158.1137297153473	19.68	50	1.5977473258972168	0.1326451301574707	634	193	level	2756	6029
