BendersMethod=level	maxNcuts=10	tol=1e-06	gapTol=0.5	pi0Coef=1.0	timeLimit=3600	poolplus=False	LevelParam=0.01	mip=True	newn=True
1	64.15584444999695	-536.4867510598602	0.4626648426055908	0.08980226516723633	None	0.11361503601074219	51.39629578590393	2.58	50	1.5698063373565674	0.2593045234680176	10	5	level	1055	249
2	98.72455954551697	-509.32228649684396	0.5703730583190918	0.20757770538330078	None	0.27521395683288574	83.27434921264648	3.68	50	1.633664608001709	0.3047506809234619	38	13	level	1202	496
3	140.3011350631714	-500.2695700169283	0.7738442420959473	0.3462953567504883	None	0.4946610927581787	120.83253169059753	3.42	50	1.9550273418426514	0.167555570602417	75	22	level	1410	787
4	185.60868430137634	-491.3999323171334	0.904473066329956	0.535942554473877	None	0.7678091526031494	162.1798858642578	4.56	50	1.7579843997955322	0.30953073501586914	105	38	level	1532	1101
5	229.88049459457397	-487.2618277287562	0.9304029941558838	0.8181807994842529	None	1.0860373973846436	202.87223863601685	5.16	50	1.656877040863037	0.10172891616821289	129	51	level	1605	1474
6	288.19268918037415	-482.7140687379129	0.9643166065216064	1.143129587173462	None	1.5127677917480469	256.96077823638916	6.06	50	3.3709540367126465	0.06687140464782715	166	77	level	1663	1831
7	362.1672959327698	-478.9802125123146	0.9902622699737549	1.610947608947754	None	2.0900814533233643	325.5990447998047	7.52	50	4.243690729141235	0.20744585990905762	221	105	level	1723	2245
8	442.58865785598755	-475.88150402343064	1.014153242111206	2.1246113777160645	None	2.9568724632263184	399.76057624816895	7.8	50	6.577386379241943	0.3619663715362549	238	132	level	1773	2599
9	520.4519793987274	-470.9743279889826	1.0430591106414795	2.6394290924072266	None	4.180301904678345	470.62573528289795	8.48	50	3.683180332183838	0.3570873737335205	297	142	level	1820	2848
10	634.4334805011749	-468.91082396321775	1.0719683170318604	3.255904197692871	None	5.907567739486694	576.2050337791443	8.62	50	6.603636980056763	0.6191492080688477	335	153	level	1870	3165
11	722.2444429397583	-467.4807418530393	1.0968801975250244	3.8767337799072266	None	7.287646770477295	655.7571034431458	8.66	50	5.063476085662842	0.39879488945007324	345	163	level	1918	3465
12	808.8198523521423	-465.73268288298937	1.1218056678771973	4.483459711074829	None	8.846338272094727	733.3655390739441	8.4	50	4.7752673625946045	0.20301222801208496	360	166	level	1966	3706
13	918.0831227302551	-464.245712467941	1.1537158489227295	5.103850603103638	None	11.280036449432373	832.5229997634888	8.58	50	5.921570539474487	0.590484619140625	393	170	level	2016	3891
14	1017.1187295913696	-462.99571869612333	1.1786150932312012	5.752026796340942	None	13.387075185775757	921.5054941177368	8.86	50	5.544201850891113	0.2762167453765869	413	179	level	2058	4137
15	1119.7236330509186	-462.03074155098267	1.2035863399505615	6.334329605102539	None	16.682314157485962	1012.5001964569092	9.04	50	6.603489637374878	0.09474849700927734	441	188	level	2102	4296
16	1224.0657777786255	-461.3128411569788	1.228517770767212	6.907626152038574	None	21.00127100944519	1104.1505408287048	9.0	50	8.793737411499023	0.08879685401916504	470	198	level	2147	4458
17	1322.5649862289429	-460.40488030467117	1.2574377059936523	7.436172008514404	None	27.253080368041992	1187.7160210609436	8.74	50	6.3744165897369385	0.09578633308410645	481	205	level	2190	4638
18	1415.7126088142395	-459.6628202798694	1.2853636741638184	7.896966934204102	None	33.85490441322327	1265.3052155971527	8.8	50	6.123264312744141	0.11491966247558594	494	214	level	2223	4755
19	1518.9685683250427	-459.19911079329745	1.3092520236968994	8.359491348266602	None	45.80282664299011	1347.211308479309	8.76	50	11.973601818084717	0.09997320175170898	495	223	level	2258	4898
20	1599.1281270980835	-458.7861202854342	1.3372068405151367	8.803224325180054	None	64.28013753890991	1399.4618966579437	8.88	50	5.331202983856201	0.08656907081604004	506	234	level	2287	5018
21	1685.938821554184	-458.4691328156125	1.3641343116760254	9.179037094116211	None	80.51550030708313	1460.694426059723	8.98	50	8.775774717330933	0.09193587303161621	526	235	level	2317	5119
22	1772.2745444774628	-458.2989856687453	1.3890702724456787	9.58497667312622	None	91.03907036781311	1526.8288254737854	8.82	50	7.07528281211853	0.08178424835205078	557	239	level	2346	5271
23	1852.6038796901703	-458.01906938561245	1.419985055923462	9.914910793304443	None	112.69627833366394	1575.537520647049	9.12	50	6.730243921279907	0.0997776985168457	577	240	level	2371	5364
24	1930.2822041511536	-457.89366040889087	1.4469141960144043	10.264182329177856	None	133.78460907936096	1622.3352692127228	9.06	50	6.733033657073975	0.10573911666870117	586	241	level	2394	5466
25	2019.307690858841	-457.7305857441186	1.4728827476501465	10.666048288345337	None	157.28343439102173	1676.4289836883545	9.02	50	8.339702367782593	0.08681273460388184	610	242	level	2416	5544
26	2068.249257326126	-457.6467293413156	1.497809648513794	10.96836543083191	None	178.55108070373535	1693.292727470398	8.92	50	3.1445040702819824	0.10571789741516113	621	243	level	2427	5610
27	2139.234550714493	-457.54631163201293	1.5187633037567139	11.268560647964478	None	204.42536163330078	1729.2599263191223	9.06	50	4.517909526824951	0.07475662231445312	625	246	level	2445	5689
28	2194.86523270607	-457.4875243161276	1.5456933975219727	11.555819272994995	None	229.15851163864136	1751.2347693443298	9.0	50	4.28398585319519	0.07994365692138672	626	247	level	2458	5762
29	2254.7458593845367	-457.3920700364365	1.569626808166504	11.811950445175171	None	257.2170922756195	1774.0745656490326	9.02	50	3.416872501373291	0.08534502983093262	627	248	level	2478	5827
30	2340.4692170619965	-457.2575634965327	1.5965542793273926	12.120007514953613	None	293.75799894332886	1813.6754331588745	8.96	50	5.6650848388671875	0.08909940719604492	628	249	level	2499	5921
31	2404.3318905830383	-457.19856479670756	1.6194489002227783	12.392276763916016	None	327.5459694862366	1833.9542949199677	8.94	50	8.065483093261719	0.08676624298095703	629	250	level	2508	5982
32	2460.268604040146	-457.1198149950927	1.6453421115875244	12.665438175201416	None	356.0155174732208	1851.8984913825989	9.08	50	4.676508188247681	0.09175586700439453	630	251	level	2514	6048
33	2524.2586596012115	-457.03382708589254	1.669238805770874	12.928674936294556	None	389.9326386451721	1872.34943151474	9.0	50	4.019288063049316	0.08881044387817383	631	252	level	2527	6115
34	2570.7313334941864	-457.0066283784945	1.6871542930603027	13.177958011627197	None	410.31941747665405	1889.0251858234406	9.06	50	4.780253887176514	0.07584524154663086	642	253	level	2535	6175
35	2611.9844431877136	-456.9974460948172	1.7100613117218018	13.420276641845703	None	430.0711874961853	1901.3138976097107	9.08	50	2.086627960205078	0.08780050277709961	643	254	level	2545	6232
36	2666.0580520629883	-456.95546689211744	1.7320010662078857	13.681448221206665	None	461.0203993320465	1914.8201529979706	9.04	50	6.475730895996094	0.0797886848449707	644	255	level	2550	6289
37	2723.4060876369476	-456.9427729338072	1.7470192909240723	13.935782670974731	None	498.29905438423157	1925.226854801178	8.94	50	2.4981939792633057	0.07779121398925781	645	256	level	2557	6342
38	2785.5576655864716	-456.93106372526205	1.7699568271636963	14.19410490989685	None	537.4562523365021	1938.018628835678	9.02	50	2.481416940689087	0.07684016227722168	646	257	level	2565	6396
39	2844.9812059402466	-456.9022714346355	1.7958855628967285	14.448352813720703	None	574.0908031463623	1950.791737794876	9.0	50	3.0705347061157227	0.08082699775695801	647	258	level	2572	6452
40	2910.8755819797516	-456.89299659159224	1.8167893886566162	14.693683624267578	None	617.2590911388397	1963.602767944336	9.02	50	3.7590224742889404	0.08880472183227539	648	259	level	2578	6508
41	2974.232938528061	-456.88332998020786	1.8367388248443604	14.946007013320923	None	654.6353349685669	1979.524420261383	8.96	50	5.178364515304565	0.09140586853027344	649	260	level	2583	6564
42	3024.1237637996674	-456.8777147811531	1.855661153793335	15.185397863388062	None	688.3812210559845	1985.6281666755676	9.04	50	2.3487296104431152	0.08377575874328613	650	261	level	2587	6616
43	3073.616906642914	-456.87637650374234	1.8726584911346436	15.430773258209229	None	723.120845079422	1990.548518896103	9.02	50	1.2069833278656006	0.08246660232543945	651	262	level	2591	6666
44	3120.790147781372	-456.8700702491052	1.889585256576538	15.677141904830933	None	756.0853464603424	1995.1006979942322	9.0	50	1.405289888381958	0.0828244686126709	652	263	level	2594	6716
45	3169.1967482566833	-456.8696460689061	1.9045510292053223	15.906482696533203	None	789.6164195537567	2000.1091606616974	9.04	50	1.5308644771575928	0.09471535682678223	653	264	level	2597	6767
46	3219.767016649246	-456.8684872088601	1.9225013256072998	16.14295768737793	None	822.5609104633331	2007.8398885726929	9.06	50	2.316052198410034	0.07759594917297363	654	265	level	2599	6817
47	3268.6056094169617	-456.86777569510616	1.9404537677764893	16.37527823448181	None	855.9777936935425	2013.2327632904053	9.08	50	1.9420442581176758	0.08593606948852539	655	266	level	2601	6869
48	3318.027048110962	-456.86777569510616	1.9404537677764893	16.610575675964355	None	890.3229460716248	2018.312689781189	9.04	50	2.2310469150543213	0.08147025108337402	656	267	level	2601	6919
