BendersMethod=level	tol=1e-06	gapTol=1.0	pi0Coef=1.0	timeLimit=3600
1	41.739434003829956	-836.1387217896995	0.27527666091918945	0.16869306564331055	0.4504532814025879	None	32.26463985443115	None	50	0.7386500835418701	0.1009664535522461	None	None	level	981	197
2	52.06485605239868	-823.2662328424808	0.4517791271209717	0.3204057216644287	0.8515117168426514	None	39.38340497016907	None	50	0.48873019218444824	0.06383347511291504	None	None	level	1247	303
3	65.75366473197937	-820.3687704955732	0.5445187091827393	0.548879861831665	1.9438605308532715	None	49.95137000083923	None	50	1.0984468460083008	0.050864219665527344	None	None	level	1377	452
4	79.5643515586853	-811.5665068409396	0.564417839050293	0.8332269191741943	3.233379364013672	None	61.066434144973755	None	50	0.6566712856292725	0.1108253002166748	None	None	level	1452	599
5	96.03462314605713	-805.1836351691843	0.666924238204956	1.1564111709594727	4.879105091094971	None	73.48113083839417	None	50	0.6382977962493896	0.11973404884338379	None	None	level	1578	744
6	113.31628346443176	-798.0025121654365	0.6877787113189697	1.5105171203613281	6.960352420806885	None	86.98190784454346	None	50	1.0472006797790527	0.14765262603759766	None	None	level	1646	887
7	132.74360394477844	-790.6383044754704	0.708745002746582	1.9116437435150146	9.928727626800537	None	101.59205985069275	None	50	1.1731252670288086	0.07883667945861816	None	None	level	1718	1037
8	154.18029522895813	-784.5229317281093	0.7257027626037598	2.3404786586761475	13.839107513427734	None	117.13346004486084	None	50	1.1109583377838135	0.1468667984008789	None	None	level	1779	1186
9	176.78560853004456	-777.3699261595407	0.7436110973358154	2.8282110691070557	18.537925243377686	None	132.918123960495	None	50	1.030247449874878	0.1606152057647705	None	None	level	1830	1339
10	202.75337433815002	-768.645893718109	0.7585835456848145	3.334756374359131	24.71198868751526	None	150.34694814682007	None	50	1.9771502017974854	0.08676767349243164	None	None	level	1880	1485
11	231.79789185523987	-764.3890335136961	0.7805163860321045	3.8883965015411377	33.27120232582092	None	168.35238456726074	None	50	1.9656867980957031	0.0847773551940918	None	None	level	1931	1638
12	262.60832357406616	-760.870257227485	0.7934591770172119	4.494838237762451	43.06938600540161	None	186.5910668373108	None	50	2.3576996326446533	0.19344282150268555	None	None	level	1981	1785
13	295.70388102531433	-754.1019146386699	0.8104333877563477	5.132206439971924	53.903130292892456	None	206.0575306415558	None	50	1.9184277057647705	0.0987706184387207	None	None	level	2031	1929
14	328.1767921447754	-749.7864019771741	0.8253931999206543	5.768186807632446	63.73621654510498	None	225.80209159851074	None	50	2.304560422897339	0.0951070785522461	None	None	level	2081	2064
15	368.41359663009644	-744.1853022393134	0.8413159847259521	6.551934480667114	77.40806579589844	None	249.23531985282898	None	50	3.5115902423858643	0.11572742462158203	None	None	level	2131	2222
16	405.4417932033539	-739.1049117508203	0.8662500381469727	7.230079174041748	89.63739228248596	None	270.9581928253174	None	50	2.360656261444092	0.09778261184692383	None	None	level	2182	2350
17	447.10420966148376	-736.0050032792238	0.8852293491363525	8.027667045593262	106.20843768119812	None	292.6979749202728	None	50	4.078833103179932	0.10618019104003906	None	None	level	2232	2497
18	492.7256999015808	-733.7836713328822	0.9031784534454346	8.940234661102295	124.85622525215149	None	316.0459659099579	None	50	3.053766965866089	0.13065624237060547	None	None	level	2282	2650
19	536.2409858703613	-729.3342167834821	0.9260828495025635	9.731336116790771	139.42882013320923	None	341.3337242603302	None	50	3.247210741043091	0.09887909889221191	None	None	level	2332	2771
20	602.8463542461395	-728.1254156286625	0.9420480728149414	11.114585399627686	166.77443099021912	None	375.9426257610321	None	50	4.260139465332031	0.14130902290344238	None	None	level	2382	2979
21	644.5991535186768	-724.5763985824876	0.9659373760223389	12.015046119689941	180.66084718704224	None	399.8275685310364	None	50	2.889240264892578	0.13662981986999512	None	None	level	2432	3100
22	704.4538688659668	-721.9677625686274	0.988905668258667	13.220704555511475	206.24134922027588	None	429.4970338344574	None	50	5.214267015457153	0.18915295600891113	None	None	level	2482	3266
23	764.000837802887	-719.7757763744623	1.011864423751831	14.532415866851807	228.10775232315063	None	462.41658091545105	None	50	3.287475347518921	0.22140860557556152	None	None	level	2532	3428
24	817.6141576766968	-716.2335727983221	1.0388150215148926	15.674458265304565	243.04417872428894	None	496.403528213501	None	50	2.85809588432312	0.14765381813049316	None	None	level	2582	3558
25	893.8013467788696	-714.0488525399746	1.057722568511963	17.348066806793213	276.593213558197	None	533.5061528682709	None	50	3.701049566268921	0.3621799945831299	None	None	level	2632	3758
26	952.9365472793579	-711.7372406068371	1.0846407413482666	18.43216609954834	292.46005630493164	None	571.7621369361877	None	50	4.195488691329956	0.13667583465576172	None	None	level	2682	3876
27	1018.6376395225525	-709.4305166651941	1.1095938682556152	19.753901958465576	312.7924790382385	None	611.7490589618683	None	50	3.113128423690796	0.19751381874084473	None	None	level	2732	4018
28	1094.2709572315216	-708.629145181891	1.1335604190826416	21.593478441238403	345.52088046073914	None	648.4982533454895	None	50	4.637734651565552	0.26030445098876953	None	None	level	2782	4212
29	1151.309519290924	-705.0179415855122	1.163478136062622	22.687423706054688	362.794762134552	None	682.9597520828247	None	50	3.916151762008667	0.17050623893737793	None	None	level	2832	4322
30	1270.5479536056519	-704.452325090632	1.186438798904419	25.07327890396118	420.6868839263916	None	737.0022177696228	None	50	5.599461555480957	0.7240700721740723	None	None	level	2882	4563
31	1345.8554651737213	-702.9432160350619	1.2133674621582031	26.378957509994507	442.06840801239014	None	785.1426131725311	None	50	6.057926654815674	0.28822875022888184	None	None	level	2932	4687
32	1441.6423907279968	-701.9482530657622	1.2382655143737793	28.31141948699951	479.98810601234436	None	836.2748236656189	None	50	6.61255145072937	0.30037832260131836	None	None	level	2982	4882
33	1528.2853574752808	-700.140020699443	1.2741997241973877	29.775664806365967	509.6494679450989	None	886.7681219577789	None	50	6.105730056762695	0.27227258682250977	None	None	level	3032	5022
34	1627.221435546875	-699.2545075917232	1.3021233081817627	31.796467542648315	551.0875191688538	None	937.1531262397766	None	50	6.948632717132568	0.44531846046447754	None	None	level	3082	5217
35	1721.7333562374115	-698.2365342838164	1.3360655307769775	33.41719436645508	581.2036626338959	None	994.846188545227	None	50	5.846380710601807	0.26529431343078613	None	None	level	3132	5363
36	1827.257884979248	-697.108879685245	1.3660304546356201	35.26750159263611	620.0497665405273	None	1054.301031589508	None	50	6.905297517776489	0.4608128070831299	None	None	level	3182	5534
37	1926.6591465473175	-695.7800976893602	1.4039506912231445	36.859172105789185	652.3611166477203	None	1114.4347398281097	None	50	6.055107593536377	0.3338172435760498	None	None	level	3232	5679
38	2032.2773208618164	-694.3029464657129	1.4358410835266113	38.48588585853577	692.951150894165	None	1172.3766038417816	None	50	5.243041515350342	0.5186564922332764	None	None	level	3282	5830
39	2192.1104969978333	-693.4012737796447	1.4678540229797363	41.02220439910889	765.3163895606995	None	1251.4403944015503	None	50	7.390084743499756	0.6971619129180908	None	None	level	3332	6067
40	2317.5118753910065	-692.7100980814453	1.4998047351837158	42.89045166969299	807.0374147891998	None	1327.2130649089813	None	50	9.874656438827515	0.421875	None	None	level	3382	6230
41	2434.835197687149	-692.2441810780283	1.5347440242767334	44.89173173904419	851.0877180099487	None	1392.2392241954803	None	50	6.726113557815552	0.45877504348754883	None	None	level	3432	6402
42	2559.5564601421356	-691.0473634635619	1.5716114044189453	46.56853222846985	890.351859331131	None	1470.215143442154	None	50	15.091108560562134	0.45583033561706543	None	None	level	3482	6543
43	2705.9779241085052	-690.4660227551911	1.600534200668335	48.629613399505615	951.5349123477936	None	1547.1313350200653	None	50	9.978739023208618	0.5376029014587402	None	None	level	3532	6717
44	2894.466278553009	-690.0740416290357	1.6334092617034912	51.36549758911133	1033.0716183185577	None	1644.5075659751892	None	50	12.863756656646729	0.9935216903686523	None	None	level	3582	6948
45	3025.6084592342377	-689.3421061854496	1.6713073253631592	53.04641771316528	1074.1411304473877	None	1726.5059328079224	None	50	9.462708473205566	0.5255987644195557	None	None	level	3632	7083
46	3175.2886040210724	-688.6568545158718	1.7091729640960693	55.25195503234863	1130.6683104038239	None	1810.916250705719	None	50	9.623358249664307	0.6372992992401123	None	None	level	3682	7262
47	3323.4596304893494	-688.014816999901	1.741084337234497	57.29859280586243	1184.7587854862213	None	1896.0955049991608	None	50	8.866609334945679	0.5317859649658203	None	None	level	3732	7430
48	3485.3598895072937	-687.3865953431934	1.7690057754516602	59.40114998817444	1244.3865401744843	None	1989.136360168457	None	50	8.344766855239868	1.379570722579956	None	None	level	3782	7596
49	3600.07813167572	-687.02557118949	1.7959322929382324	60.90988612174988	1291.5232405662537	None	2051.3680698871613	None	29	11.100924968719482	0.5717451572418213	None	None	level	3810	7717
