BendersMethod=level	maxNcuts=10	tol=1e-06	gapTol=0.5	pi0Coef=1.0	timeLimit=3600	poolplus=False	LevelParam=0.01	mip=False	newn=False
1	228.74783420562744	-451.24369864850706	1.6457164287567139	2.5749051570892334	None	0.0	191.55421423912048	9.975	200	1.3753657341003418	0.2380204200744629	10	4	level	3621	2119
2	420.01442217826843	-436.41531840532383	2.5723745822906494	5.711211919784546	None	0.0	364.71243357658386	10.0	200	3.8118319511413574	0.27631044387817383	94	17	level	4529	4075
3	698.4258470535278	-414.6507496132068	3.49118971824646	9.61124873161316	None	0.0	623.1496806144714	10.0	200	3.116985559463501	0.3934035301208496	170	19	level	5304	6219
4	1103.6438915729523	-398.342446569849	5.630572080612183	14.123692274093628	None	0.0	995.7077193260193	10.0	200	6.997680187225342	0.5136287212371826	240	25	level	6164	8537
5	1509.6277976036072	-392.1504270372327	5.760229587554932	19.508463621139526	None	0.0	1380.3457643985748	10.0	200	6.000007629394531	0.6113686561584473	323	26	level	6374	11122
6	2131.9855268001556	-384.4459875313914	5.9407665729522705	25.474152088165283	None	0.0	1973.7189247608185	10.0	200	13.331377506256104	0.16460037231445312	391	47	level	6575	12956
7	2702.063269853592	-381.1544198899001	6.074373960494995	30.721988916397095	None	0.0	2518.068253993988	10.0	200	12.060014486312866	0.5405998229980469	452	53	level	6773	14789
8	3191.8307807445526	-377.7657671883063	6.2209484577178955	35.609140157699585	None	0.0	2981.3366556167603	10.0	200	8.513626337051392	0.31320619583129883	475	55	level	6967	16075
9	3600.192684173584	-376.04497795390375	6.365564584732056	39.90501570701599	None	0.0	3365.9423775672913	10.0	190	5.973032474517822	0.09478759765625	509	58	level	7148	16964
