BendersMethod=level	maxNcuts=10	tol=1e-06	gapTol=1.0	pi0Coef=1.0	timeLimit=3600	poolplus=False	LevelParam=0.01	mip=False	newn=False
1	49.829185962677	-445.83942331472514	0.7299404144287109	0.33901333808898926	None	0.0	32.69426226615906	10.0	50	0.6829237937927246	0.09075808525085449	10	3	level	1122	246
2	63.31380009651184	-442.77792607748546	0.8925306797027588	0.7837677001953125	None	0.0	41.74824523925781	10.0	50	0.5739667415618896	0.06686782836914062	47	8	level	1264	376
3	75.00930595397949	-438.8148418164994	1.0620040893554688	1.254157304763794	None	0.0	50.3556227684021	10.0	50	0.739032506942749	0.07168388366699219	75	15	level	1395	471
4	87.67510318756104	-434.8210207633685	1.0988593101501465	1.7484774589538574	None	0.0	61.03762340545654	10.0	50	0.8829278945922852	0.09081172943115234	80	22	level	1463	585
5	99.95671224594116	-430.64305748570814	1.2782979011535645	2.249105215072632	None	0.0	70.0440092086792	10.0	50	0.7535357475280762	0.08573269844055176	114	31	level	1620	682
6	122.2197859287262	-425.6882294498949	1.4877398014068604	2.9248385429382324	None	0.0	88.47358894348145	10.0	50	1.1978950500488281	0.14140892028808594	127	41	level	1776	878
7	145.84636163711548	-421.6727027526148	1.5286662578582764	3.6331794261932373	None	0.0	109.28074145317078	10.0	50	3.453798294067383	0.11080384254455566	158	51	level	1849	1056
8	166.10079717636108	-415.94462501470827	1.8577611446380615	4.2866294384002686	None	0.0	124.78803586959839	10.0	50	1.084108591079712	0.06486654281616211	172	60	level	2031	1194
9	194.90432405471802	-413.20238650898614	2.120927572250366	5.0795087814331055	None	0.0	148.72326683998108	10.0	50	1.4858205318450928	0.19672560691833496	182	64	level	2156	1412
10	220.1797070503235	-409.4865280349737	2.3921945095062256	5.859539270401001	None	0.0	169.05259776115417	10.0	50	1.044511318206787	0.0668632984161377	203	74	level	2282	1592
11	245.0266993045807	-405.9242660648425	2.4360713958740234	6.657499313354492	None	0.0	190.2463779449463	10.0	50	1.1352241039276123	0.07034945487976074	245	75	level	2347	1783
12	272.61111330986023	-400.91151706879714	2.4869589805603027	7.481515645980835	None	0.0	213.57208919525146	10.0	50	3.179225206375122	0.06980443000793457	254	76	level	2407	1921
13	294.0996916294098	-397.38872874758596	2.5337979793548584	8.24459958076477	None	0.0	231.14000034332275	10.0	50	1.6264121532440186	0.05887889862060547	279	77	level	2465	2059
14	320.8947374820709	-391.93528673460315	2.5796759128570557	9.013523578643799	None	0.0	253.90951585769653	10.0	50	1.9328656196594238	0.06589722633361816	296	78	level	2510	2196
15	348.6064908504486	-388.6802537055123	2.6105806827545166	9.8151216506958	None	0.0	277.47466802597046	10.0	50	3.6823270320892334	0.05787920951843262	307	79	level	2555	2335
16	385.1964671611786	-385.13722529110004	2.6554598808288574	10.620893478393555	None	0.0	309.7137563228607	10.0	50	9.559704780578613	0.06383037567138672	321	80	level	2601	2464
17	423.37102603912354	-382.80461266888483	2.6843819618225098	11.485708475112915	None	0.0	343.36679768562317	10.0	50	5.327792644500732	0.06287240982055664	333	81	level	2645	2622
18	461.552325963974	-380.7600751524759	2.7172930240631104	12.32645034790039	None	0.0	376.9434173107147	10.0	50	3.2493178844451904	0.06382393836975098	353	82	level	2690	2763
19	506.2143280506134	-377.8820126339985	2.75715970993042	13.222131967544556	None	0.0	416.8320002555847	10.0	50	7.892923593521118	0.12963104248046875	372	83	level	2734	2897
20	544.8660740852356	-375.9041512072679	2.7921009063720703	14.110928535461426	None	0.0	450.4914755821228	10.0	50	6.0769944190979	0.24933433532714844	381	93	level	2778	3010
21	588.7178673744202	-373.29540846626315	2.823984384536743	15.03260850906372	None	0.0	489.15976762771606	10.0	50	3.109689712524414	0.3041977882385254	393	94	level	2819	3141
22	635.0139870643616	-371.6673438139582	2.865907907485962	15.977932929992676	None	0.0	530.2168765068054	10.0	50	3.1536800861358643	0.23542356491088867	402	95	level	2861	3268
23	685.4532978534698	-369.6584785042238	2.911755323410034	16.970081090927124	None	0.0	574.9704236984253	10.0	50	3.8498878479003906	0.27327418327331543	425	96	level	2899	3391
24	732.6188521385193	-368.4304224869729	2.9515554904937744	17.944722175598145	None	0.0	616.1782586574554	10.0	50	2.804387092590332	0.19747281074523926	428	97	level	2938	3500
25	793.4014508724213	-366.87405947160204	2.993445873260498	18.991349935531616	None	0.0	670.8575854301453	10.0	50	4.948843717575073	0.2593064308166504	437	98	level	2979	3615
26	855.8569288253784	-365.949400628105	3.038355827331543	20.06757640838623	None	0.0	727.1462647914886	10.0	50	10.681421756744385	0.3041865825653076	445	99	level	3015	3726
27	913.5244281291962	-365.0886328882032	3.0802700519561768	21.13868260383606	None	0.0	778.3079168796539	10.0	50	6.2654430866241455	0.35210371017456055	455	100	level	3049	3828
28	971.8694660663605	-364.21090029758824	3.1300885677337646	22.204102516174316	None	0.0	830.2793953418732	10.0	50	4.247727632522583	0.3929104804992676	464	101	level	3084	3930
29	1027.9829008579254	-363.7321715259991	3.16702938079834	23.227332592010498	None	0.0	880.3398923873901	10.0	50	5.1691505908966064	0.30534934997558594	467	102	level	3113	4023
30	1088.073487997055	-363.24334130101374	3.2109434604644775	24.231656551361084	None	0.0	933.9730620384216	10.0	50	5.852365732192993	0.24638676643371582	481	103	level	3146	4113
31	1139.448771238327	-362.61138387747525	3.2547943592071533	25.268017292022705	None	0.0	978.8861577510834	10.0	50	3.667642116546631	0.37894678115844727	499	104	level	3170	4191
32	1192.0582346916199	-362.17220795971457	3.2956948280334473	26.287340879440308	None	0.0	1024.9233374595642	10.0	50	2.9730567932128906	0.3031892776489258	506	105	level	3197	4261
33	1252.1234941482544	-361.8476362566771	3.3395378589630127	27.368354082107544	None	0.0	1078.361973285675	10.0	50	5.609036684036255	0.2812070846557617	511	106	level	3226	4353
34	1299.5033617019653	-361.41001170232016	3.381422996520996	28.389711618423462	None	0.0	1119.3355853557587	10.0	50	3.3701932430267334	0.28229379653930664	519	107	level	3249	4421
35	1345.578297138214	-361.1592959240306	3.4223439693450928	29.455905437469482	None	0.0	1158.9144246578217	10.0	50	2.8027641773223877	0.29843640327453613	523	108	level	3273	4483
36	1397.04279088974	-360.9344743863885	3.465233087539673	30.496440410614014	None	0.0	1203.773098707199	10.0	50	5.575105905532837	0.27559804916381836	525	109	level	3292	4548
37	1450.1243476867676	-360.7443356319541	3.5011019706726074	31.650349617004395	None	0.0	1248.9387183189392	10.0	50	4.662540674209595	0.30219054222106934	535	110	level	3306	4614
38	1494.575314283371	-360.6372387083271	3.5390000343322754	32.642725467681885	None	0.0	1287.2392745018005	10.0	50	4.9457879066467285	0.2905704975128174	544	111	level	3313	4674
39	1537.7101292610168	-360.57588540477656	3.5729620456695557	33.63825297355652	None	0.0	1323.743952512741	10.0	50	2.924201011657715	0.3341076374053955	548	112	level	3325	4742
40	1585.093564748764	-360.49962319942784	3.6099135875701904	34.718560218811035	None	0.0	1364.3279943466187	10.0	50	4.442132472991943	0.3022329807281494	561	113	level	3335	4803
41	1628.7196362018585	-360.4714516428605	3.642792224884033	35.77187371253967	None	0.0	1401.0770292282104	10.0	50	3.83388614654541	0.2972533702850342	567	114	level	3338	4854
42	1671.0059230327606	-360.44229810942784	3.683715343475342	36.831180572509766	None	0.0	1436.6048212051392	10.0	50	2.476381540298462	0.3361032009124756	571	115	level	3344	4906
43	1719.6768853664398	-360.4029521110347	3.7265946865081787	37.97426176071167	None	0.0	1477.3529517650604	10.0	50	4.365357160568237	0.31316447257995605	575	116	level	3348	4956
44	1766.1420814990997	-360.38630047327524	3.7585108280181885	39.130127906799316	None	0.0	1516.159141778946	10.0	50	4.206761121749878	0.317197322845459	578	117	level	3350	5006
45	1809.6511673927307	-360.38630047327524	3.7585108280181885	40.2122917175293	None	0.0	1552.8204827308655	10.0	50	2.787552833557129	0.2672865390777588	580	118	level	3350	5056
