BendersMethod=level	maxNcuts=3	tol=1e-06	gapTol=0.5	pi0Coef=1.0	timeLimit=3600	poolplus=False	LevelParam=0.01	mip=True	newn=True
1	52.45674109458923	-564.7559358221682	0.2039327621459961	0.06035041809082031	None	0.08806586265563965	44.298502683639526	1.64	50	1.0175275802612305	0.06859183311462402	10	4	level	850	214
2	73.719242811203	-474.4773608880991	0.25675201416015625	0.10866761207580566	None	0.19987154006958008	64.07145476341248	2.5	50	0.7833971977233887	0.12123465538024902	33	11	level	1005	298
3	98.47090411186218	-447.21845104894516	0.3228025436401367	0.18669700622558594	None	0.4675719738006592	86.6228699684143	2.92	50	1.1707704067230225	0.14129400253295898	39	20	level	1174	504
4	121.37882137298584	-436.06761176563043	0.385528564453125	0.24432086944580078	None	0.7279911041259766	107.24794912338257	2.68	50	2.158423662185669	0.13137245178222656	63	29	level	1338	730
5	140.08112573623657	-432.67806211971475	0.44817471504211426	0.30281877517700195	None	1.3148725032806396	123.17308235168457	2.92	50	1.2938756942749023	0.03571724891662598	76	38	level	1500	909
6	161.28556632995605	-428.8140489966171	0.45828986167907715	0.3694610595703125	None	2.0332000255584717	142.2201406955719	2.96	50	1.7372050285339355	0.08067560195922852	90	48	level	1566	1137
7	188.37685990333557	-424.4134982312771	0.4744248390197754	0.4914867877960205	None	4.5020060539245605	165.22985219955444	2.96	50	1.6933207511901855	0.05024409294128418	103	63	level	1609	1344
8	221.60186004638672	-415.67875077125626	0.482468843460083	0.5898079872131348	None	8.097605228424072	193.07193684577942	3.0	50	1.5629022121429443	0.05022883415222168	133	70	level	1649	1486
9	258.35527181625366	-408.18415873347794	0.49291443824768066	0.7042152881622314	None	12.598301887512207	223.41280126571655	2.96	50	2.4495480060577393	0.03215360641479492	142	83	level	1683	1612
10	304.6269838809967	-403.833874569549	0.5110769271850586	0.9038269519805908	None	17.223963022232056	263.07106351852417	2.96	50	4.003307580947876	0.03826165199279785	159	89	level	1720	1756
11	344.2838144302368	-400.50260744583903	0.521186113357544	1.0043222904205322	None	25.954243898391724	291.90378046035767	2.92	50	2.245861053466797	0.038272857666015625	177	94	level	1751	1859
12	382.47809863090515	-398.0099452810222	0.5292119979858398	1.1628482341766357	None	33.14747977256775	320.653865814209	2.8979591836734695	49	2.0972282886505127	0.040128469467163086	182	98	level	1781	1970
13	437.474986076355	-396.11426873407294	0.5312669277191162	1.2533366680145264	None	45.16689991950989	361.0206708908081	2.94	50	3.79677414894104	0.03812694549560547	208	104	level	1810	2089
14	497.4717233181	-394.8068815616834	0.5392947196960449	1.3432421684265137	None	56.71056532859802	407.0306022167206	2.94	50	4.509910583496094	0.040184974670410156	224	113	level	1841	2210
15	544.7499713897705	-393.6277704699713	0.5473239421844482	1.4520998001098633	None	71.41949439048767	437.0272741317749	2.84	50	2.3463258743286133	0.04036760330200195	240	119	level	1866	2309
16	599.3830006122589	-391.3325384387005	0.5553386211395264	1.5492620468139648	None	89.71179842948914	470.68185329437256	2.938775510204082	49	2.055570125579834	0.040294647216796875	243	123	level	1898	2393
17	654.0164985656738	-390.7250770404424	0.5573897361755371	1.6439476013183594	None	112.02607464790344	500.3060038089752	2.8333333333333335	48	2.225968360900879	0.040125370025634766	253	125	level	1921	2474
18	711.3828411102295	-389.8391978565977	0.5654051303863525	1.7803735733032227	None	134.5904884338379	532.3421487808228	2.875	48	1.8427424430847168	0.03812289237976074	268	127	level	1945	2557
19	757.5507032871246	-389.3583484807086	0.5654051303863525	1.8474161624908447	None	158.11917519569397	552.2816917896271	2.590909090909091	44	1.7728705406188965	0.040148019790649414	278	128	level	1964	2621
20	805.4637606143951	-388.93405132629516	0.5734477043151855	1.9522571563720703	None	183.98057913780212	571.6128273010254	2.717391304347826	46	2.3770971298217773	0.040193796157836914	279	129	level	1980	2682
21	855.8063042163849	-388.42431561538956	0.5814838409423828	2.036890745162964	None	213.65191388130188	589.4726095199585	2.772727272727273	44	2.2276227474212646	0.040314435958862305	284	130	level	1994	2737
22	909.5896461009979	-388.25935244517086	0.5914945602416992	2.1533894538879395	None	244.47601199150085	609.5646066665649	2.888888888888889	45	2.386953830718994	0.0357205867767334	289	131	level	2008	2797
23	954.8228671550751	-388.0622138157045	0.601529598236084	2.229902505874634	None	275.3491098880768	621.2167274951935	2.682926829268293	41	1.5007343292236328	0.03233838081359863	301	132	level	2018	2845
24	1005.6617612838745	-387.90269602748003	0.6095592975616455	2.2881999015808105	None	307.4777548313141	637.0930466651917	2.7	40	4.647608757019043	0.040117740631103516	313	133	level	2029	2892
25	1049.752688407898	-387.7673783760384	0.6216037273406982	2.3548223972320557	None	338.88318705558777	646.9900035858154	2.725	40	1.3292248249053955	0.040125131607055664	318	134	level	2039	2935
26	1090.2272882461548	-387.7652757889145	0.6296610832214355	2.413252830505371	None	370.7035720348358	653.0236773490906	2.6666666666666665	39	0.8274719715118408	0.03830146789550781	279	135	level	2043	2974
27	1132.325942516327	-387.74389593220405	0.6317203044891357	2.495816946029663	None	404.22497367858887	658.9867913722992	2.638888888888889	36	0.795921802520752	0.03227686882019043	280	136	level	2046	3010
28	1171.6381092071533	-387.73694135140346	0.6317203044891357	2.5592944622039795	None	434.8711221218109	665.001749753952	2.5277777777777777	36	0.9671683311462402	0.03574323654174805	284	137	level	2048	3046
29	1210.4795367717743	-387.7352507424394	0.6317203044891357	2.601696729660034	None	467.76184725761414	668.3851456642151	2.6451612903225805	31	0.8046746253967285	0.04011821746826172	285	138	level	2049	3078
30	1247.5037186145782	-387.72799785775237	0.6317203044891357	2.6828479766845703	None	498.7104196548462	671.8713910579681	2.4411764705882355	34	0.98175048828125	0.03226804733276367	289	139	level	2050	3112
31	1287.3795866966248	-387.72799785775237	0.6317203044891357	2.745121955871582	None	532.2443029880524	675.6991629600525	2.5517241379310347	29	0.9083967208862305	0.03226828575134277	284	140	level	2050	3141
