BendersMethod=level	maxNcuts=20	tol=1e-06	gapTol=0.5	pi0Coef=1.0	timeLimit=3600	poolplus=False	LevelParam=0.01	mip=True	newn=True
1	58.919596672058105	-565.1518461023844	0.2868156433105469	0.05991196632385254	None	0.046872854232788086	47.744643211364746	14.7	50	1.0073609352111816	0.26259493827819824	10	4	level	1018	233
2	78.0881040096283	-475.4435512308369	0.3089921474456787	0.08608627319335938	None	0.1652381420135498	65.93558526039124	14.0	50	0.7866709232330322	0.11896729469299316	32	17	level	1098	304
3	101.07754421234131	-449.3169567688349	0.3291003704071045	0.23816704750061035	None	0.35009288787841797	87.70522260665894	12.86	50	0.8674182891845703	0.0908205509185791	50	20	level	1174	625
4	134.38014721870422	-436.264337512225	0.34117889404296875	0.42560625076293945	None	0.5015788078308105	119.44072532653809	12.12	50	1.922363519668579	0.060506343841552734	71	33	level	1247	967
5	177.5349578857422	-427.5250521478199	0.35127758979797363	0.5441937446594238	None	0.6253879070281982	160.86102867126465	11.62	50	3.6693544387817383	0.0827934741973877	102	48	level	1315	1287
6	224.97776412963867	-421.26082038327115	0.3593099117279053	0.7565340995788574	None	0.7532768249511719	206.36372661590576	11.32	50	2.9261858463287354	0.07064247131347656	147	55	level	1376	1581
7	280.43248438835144	-413.51429075633797	0.37146520614624023	0.9729957580566406	None	0.9381434917449951	259.5386850833893	11.22	50	4.484761714935303	0.06262397766113281	173	71	level	1433	1829
8	350.8208191394806	-407.5413977359977	0.37952327728271484	1.231616735458374	None	1.2063162326812744	327.32990169525146	11.68	50	5.501081705093384	0.04033923149108887	215	87	level	1483	2140
9	419.03657484054565	-399.3612892375949	0.40768980979919434	1.4534647464752197	None	1.4069581031799316	392.78244948387146	11.7	50	3.807954788208008	0.10082387924194336	232	101	level	1534	2343
10	496.17955207824707	-397.01858639712685	0.41571474075317383	1.7228491306304932	None	1.5989036560058594	466.85155057907104	11.94	50	4.385660648345947	0.05818605422973633	246	110	level	1581	2591
11	580.4852213859558	-392.81600734993276	0.4318211078643799	2.0931434631347656	None	1.8800325393676758	547.8392608165741	12.6	50	4.022672891616821	0.04872918128967285	267	128	level	1630	2817
12	662.9327013492584	-390.4351825687511	0.4498739242553711	2.355104923248291	None	2.106382369995117	626.8720188140869	12.56	50	4.030373811721802	0.04024863243103027	301	134	level	1678	3015
13	740.5716989040375	-386.52892586845144	0.459881067276001	2.6465561389923096	None	2.42413330078125	700.8723044395447	12.32	50	7.3826844692230225	0.0501399040222168	312	141	level	1727	3152
14	820.2576909065247	-385.33361579984216	0.4779837131500244	2.920747756958008	None	2.771824836730957	776.788556098938	12.72	50	4.5386950969696045	0.05035877227783203	330	151	level	1772	3317
15	897.2854797840118	-383.5900539082309	0.4980933666229248	3.181976556777954	None	3.0973241329193115	850.0502953529358	12.48	50	6.345869302749634	0.0421907901763916	343	154	level	1815	3457
16	970.1584527492523	-383.08103086800224	0.506159782409668	3.461040496826172	None	3.394257068634033	919.0520575046539	12.94	50	5.038747549057007	0.04125261306762695	353	163	level	1853	3591
17	1047.097352027893	-382.6062834181955	0.5141928195953369	3.7667667865753174	None	3.8032567501068115	991.9085440635681	12.66	50	7.988829135894775	0.05039358139038086	358	165	level	1898	3715
18	1099.3587305545807	-381.8438624370037	0.5263404846191406	3.9824748039245605	None	4.166461706161499	1040.1700937747955	12.96	50	3.949557065963745	0.04839301109313965	371	167	level	1936	3805
19	1162.7210774421692	-381.41208698000435	0.5444381237030029	4.334405899047852	None	4.530213356018066	1099.1698105335236	13.42	50	3.905745029449463	0.05018115043640137	379	169	level	1975	3910
20	1227.3028166294098	-381.0690838143637	0.5645980834960938	4.524822950363159	None	4.850658178329468	1159.5242052078247	13.28	50	9.613547325134277	0.05027413368225098	383	179	level	2011	4002
21	1280.8279387950897	-380.8106695185369	0.5767323970794678	4.758532762527466	None	5.256036043167114	1208.841613292694	13.14	50	4.679443836212158	0.05041861534118652	398	183	level	2047	4087
22	1337.320452451706	-380.5472875168397	0.5989336967468262	5.015966892242432	None	5.707032918930054	1261.0070888996124	13.52	50	5.126536130905151	0.04840373992919922	402	184	level	2083	4176
23	1393.3663456439972	-380.40123640534864	0.625065803527832	5.22514533996582	None	6.139300346374512	1312.736125946045	13.26	50	6.165676832199097	0.05038142204284668	406	185	level	2118	4263
24	1448.744458436966	-380.1786279974393	0.6507024765014648	5.396660804748535	None	6.52078914642334	1363.813204050064	14.020408163265307	49	4.870496511459351	0.04247164726257324	408	186	level	2157	4341
25	1494.3200058937073	-380.0546039453582	0.6708481311798096	5.631553649902344	None	6.898847579956055	1404.9069201946259	13.5	50	3.2238497734069824	0.05033254623413086	409	187	level	2191	4417
26	1531.5685515403748	-379.96921035787614	0.678877592086792	5.87165379524231	None	7.260064363479614	1437.6755950450897	13.54	50	4.703092098236084	0.048575639724731445	413	188	level	2220	4484
27	1576.109134197235	-379.84909316272535	0.6990537643432617	6.004922866821289	None	7.541306257247925	1477.7590973377228	13.78	50	6.855924129486084	0.048281192779541016	416	189	level	2252	4548
28	1605.0370321273804	-379.8231863804512	0.7191760540008545	6.2291693687438965	None	7.8668975830078125	1502.0397546291351	13.612244897959183	49	2.581465005874634	0.04687166213989258	417	190	level	2276	4606
29	1632.9404938220978	-379.74799294761027	0.739335298538208	6.380408763885498	None	8.239423036575317	1525.6139740943909	13.382978723404255	47	4.508843183517456	0.04686689376831055	418	202	level	2297	4658
30	1660.843505859375	-379.71219413678216	0.7549564838409424	6.483322381973267	None	8.678698301315308	1549.2254691123962	13.553191489361701	47	5.182771444320679	0.05001544952392578	416	191	level	2320	4707
31	1686.9153499603271	-379.7074413997367	0.762981653213501	6.664017915725708	None	9.19294548034668	1571.0039405822754	13.232558139534884	43	5.058185577392578	0.04686689376831055	419	193	level	2336	4753
32	1711.8656070232391	-379.7021844452113	0.7831604480743408	6.8227410316467285	None	9.652766227722168	1591.747143983841	13.325581395348838	43	4.900823354721069	0.05019664764404297	418	205	level	2353	4798
33	1733.787369966507	-379.6939350805445	0.7911818027496338	7.012413501739502	None	10.18543004989624	1609.5149354934692	13.121951219512194	41	3.4846925735473633	0.05028128623962402	419	195	level	2368	4845
34	1748.8869230747223	-379.6929672024794	0.799217700958252	7.160704612731934	None	10.588801383972168	1620.633547782898	12.578947368421053	38	1.5108449459075928	0.049273014068603516	420	199	level	2379	4885
35	1761.563529253006	-379.69210832043143	0.8072490692138672	7.3736724853515625	None	11.044448375701904	1629.2626855373383	12.473684210526315	38	1.3169844150543213	0.0468292236328125	421	205	level	2390	4923
36	1773.7409794330597	-379.6790921158651	0.8253312110900879	7.490274667739868	None	11.469899654388428	1637.6052250862122	12.028571428571428	35	1.3562078475952148	0.04836440086364746	422	209	level	2398	4958
37	1789.9131367206573	-379.6616299466992	0.8455064296722412	7.685707092285156	None	11.89578890800476	1649.801483631134	12.45945945945946	37	1.8224236965179443	0.04227805137634277	423	210	level	2408	4998
38	1803.974122285843	-379.6605879319904	0.8556125164031982	7.812227487564087	None	12.291780948638916	1659.852296113968	12.657894736842104	38	1.3086152076721191	0.05013608932495117	424	207	level	2420	5037
39	1815.5829465389252	-379.65763080575454	0.8676712512969971	7.937102556228638	None	12.673030376434326	1667.6194899082184	11.757575757575758	33	1.2781505584716797	0.05028700828552246	425	209	level	2426	5072
40	1833.7580325603485	-379.6570023207934	0.8757259845733643	8.035877227783203	None	13.00031566619873	1681.8906819820404	12.13888888888889	36	5.309844970703125	0.05022716522216797	429	213	level	2435	5109
41	1844.8673989772797	-379.65692769216423	0.8857789039611816	8.14936375617981	None	13.293009757995605	1689.1805381774902	11.882352941176471	34	1.3221015930175781	0.04687094688415527	433	214	level	2441	5143
42	1855.2855076789856	-379.656776462405	0.8937985897064209	8.255979776382446	None	13.661822319030762	1695.8283033370972	11.727272727272727	33	1.301196575164795	0.046862125396728516	434	215	level	2445	5176
43	1868.8902487754822	-379.61455181489464	0.9139678478240967	8.352919340133667	None	14.160635232925415	1705.5944640636444	11.757575757575758	33	2.6059203147888184	0.050302982330322266	435	216	level	2450	5212
44	1888.4800188541412	-379.60028459900263	0.9341259002685547	8.47440505027771	None	14.57528567314148	1721.1989562511444	12.5	36	4.6989264488220215	0.060298919677734375	436	217	level	2461	5250
45	1908.1802854537964	-379.59976427693584	0.9421613216400146	8.585231304168701	None	14.994921684265137	1736.8646211624146	12.513513513513514	37	4.919534683227539	0.04241228103637695	437	207	level	2469	5290
46	1919.483470439911	-379.59761511174935	0.9501993656158447	8.680013418197632	None	15.395081043243408	1744.2868041992188	12.117647058823529	34	1.2980144023895264	0.05041837692260742	438	219	level	2475	5324
47	1936.2025718688965	-379.592672978996	0.9582550525665283	8.822524070739746	None	15.85569453239441	1757.0678679943085	12.352941176470589	34	5.61402702331543	0.042357683181762695	439	220	level	2481	5359
48	1954.0457746982574	-379.59069283097347	0.9763951301574707	9.015039920806885	None	16.18669104576111	1770.7696404457092	12.894736842105264	38	2.6318178176879883	0.0502171516418457	440	221	level	2491	5401
49	1965.6223011016846	-379.57948524733496	0.9965639114379883	9.139402866363525	None	16.600245475769043	1777.851425409317	12.088235294117647	34	1.5703613758087158	0.05034661293029785	450	222	level	2497	5435
50	1995.5989520549774	-379.5562856637213	1.016646385192871	9.26356840133667	None	17.1264910697937	1803.7565124034882	12.371428571428572	35	12.399333953857422	0.05026078224182129	454	223	level	2505	5473
51	2022.387563943863	-379.5425687150719	1.0246760845184326	9.408234596252441	None	17.534847021102905	1826.3100173473358	13.463414634146341	41	5.673837423324585	0.05029129981994629	455	224	level	2522	5516
52	2037.1089158058167	-379.53184056091845	1.0367681980133057	9.514628171920776	None	17.931767463684082	1837.0788383483887	12.176470588235293	34	2.010986328125	0.04686284065246582	456	225	level	2531	5554
53	2052.324155330658	-379.53079537142423	1.044795274734497	9.671171188354492	None	18.333760261535645	1848.1033246517181	12.710526315789474	38	1.3811681270599365	0.0468602180480957	457	227	level	2540	5592
54	2069.850419521332	-379.5263316439757	1.0528321266174316	9.791279315948486	None	18.67702078819275	1861.6388964653015	11.65625	32	4.787980318069458	0.05040621757507324	458	228	level	2547	5627
55	2081.5114784240723	-379.52000885441663	1.0728938579559326	9.892226457595825	None	19.105483055114746	1869.3134136199951	12.06060606060606	33	2.3355841636657715	0.04686164855957031	459	229	level	2553	5662
56	2104.766160964966	-379.50822557074923	1.0930702686309814	10.019245862960815	None	19.567039489746094	1888.3450846672058	13.205128205128204	39	3.1669492721557617	0.05137062072753906	460	230	level	2567	5706
57	2127.020270586014	-379.4903901011335	1.1132595539093018	10.188526153564453	None	19.948166370391846	1906.2406084537506	13.595238095238095	42	2.474090337753296	0.05016183853149414	461	232	level	2586	5753
58	2139.6262187957764	-379.4872551230265	1.121288776397705	10.326410055160522	None	20.267476558685303	1914.7414526939392	12.0	33	2.5721051692962646	0.04683256149291992	462	233	level	2594	5787
59	2154.1094994544983	-379.4860301725398	1.139418601989746	10.54797625541687	None	20.685194492340088	1925.0103311538696	12.45945945945946	37	2.5631349086761475	0.046907901763916016	463	208	level	2604	5826
60	2170.244969844818	-379.4857091540423	1.1575567722320557	10.70747971534729	None	20.988057374954224	1937.0717935562134	12.371428571428572	35	3.3978586196899414	0.05014777183532715	464	209	level	2611	5863
61	2186.206205368042	-379.48372024880797	1.1756293773651123	10.82447338104248	None	21.417114973068237	1948.9967041015625	12.151515151515152	33	3.1352379322052	0.05227160453796387	465	236	level	2618	5898
62	2199.9712193012238	-379.48154221266935	1.1836578845977783	10.913201808929443	None	21.89349389076233	1958.587562084198	12.2	35	3.176236629486084	0.050397634506225586	466	232	level	2626	5933
63	2210.7975599765778	-379.4814858891974	1.1935169696807861	11.02391767501831	None	22.315250158309937	1965.5922393798828	11.516129032258064	31	3.113311529159546	0.050382375717163086	467	238	level	2628	5964
64	2223.5155205726624	-379.48074168628403	1.2115893363952637	11.144272565841675	None	22.793174982070923	1974.3996891975403	11.516129032258064	31	3.1059985160827637	0.05041146278381348	468	240	level	2631	5996
65	2236.800324678421	-379.47561142799594	1.2317538261413574	11.24707317352295	None	23.243703365325928	1983.8186922073364	11.548387096774194	31	3.1955277919769287	0.04686617851257324	469	242	level	2635	6028
66	2253.7079751491547	-379.4676860484215	1.2498855590820312	11.398452520370483	None	23.729875326156616	1996.6461980342865	12.205882352941176	34	5.401254415512085	0.05042910575866699	472	243	level	2642	6062
67	2264.057839870453	-379.4675206097759	1.2654895782470703	11.524073362350464	None	24.249406099319458	2002.8634123802185	11.787878787878787	33	1.8042230606079102	0.05256223678588867	473	244	level	2647	6096
68	2271.363471031189	-379.4674680224235	1.2735559940338135	11.61331558227539	None	24.699774742126465	2006.1876165866852	11.258064516129032	31	1.2483320236206055	0.05237841606140137	474	245	level	2649	6128
69	2279.1267895698547	-379.4673681715419	1.2816109657287598	11.762872695922852	None	25.00826621055603	2009.9198324680328	11.59375	32	0.9739501476287842	0.04690217971801758	475	246	level	2652	6160
70	2286.035346508026	-379.4673634776011	1.289684772491455	11.865934610366821	None	25.3870587348938	2012.910433292389	11.233333333333333	30	1.0066888332366943	0.05213427543640137	476	247	level	2653	6190
71	2292.5846757888794	-379.4647371543555	1.3017337322235107	12.003970384597778	None	25.817911386489868	2015.6826803684235	10.89655172413793	29	0.9734632968902588	0.050162553787231445	477	248	level	2654	6219
72	2301.8299090862274	-379.4596912657925	1.3098053932189941	12.133155584335327	None	26.275941610336304	2020.7837526798248	12.285714285714286	35	0.9178361892700195	0.050360679626464844	478	249	level	2661	6254
73	2314.9282808303833	-379.4595647957817	1.317842721939087	12.284191131591797	None	26.657480239868164	2029.757078886032	11.53125	32	4.524168491363525	0.050414085388183594	479	250	level	2664	6286
74	2325.598511695862	-379.459464983067	1.3258984088897705	12.372443675994873	None	26.995493412017822	2036.5483191013336	11.033333333333333	30	5.003023862838745	0.04686546325683594	480	251	level	2665	6316
75	2337.1470532417297	-379.45946226460603	1.345963954925537	12.491665363311768	None	27.338047981262207	2044.10014462471	11.033333333333333	30	5.544772624969482	0.05035853385925293	481	252	level	2666	6346
76	2349.784207344055	-379.4572746742121	1.3540029525756836	12.56229305267334	None	27.73866319656372	2052.8050220012665	11.233333333333333	30	5.702039480209351	0.04927563667297363	482	253	level	2669	6376
77	2364.3332488536835	-379.45718488280846	1.3640437126159668	12.665169954299927	None	28.14328145980835	2063.2193791866302	11.75	32	5.3717687129974365	0.060228586196899414	483	254	level	2674	6408
78	2378.9344906806946	-379.457171295344	1.3721106052398682	12.790021419525146	None	28.621951818466187	2073.801926612854	11.483870967741936	31	5.3160624504089355	0.050324440002441406	484	255	level	2676	6439
79	2391.8057024478912	-379.45716646167944	1.3745813369750977	12.884798526763916	None	29.052286863327026	2082.743066549301	11.233333333333333	30	5.251494884490967	0.05018281936645508	485	256	level	2677	6469
80	2405.7353417873383	-379.4571473618233	1.3826284408569336	13.01052188873291	None	29.368542671203613	2092.5880239009857	11.419354838709678	31	5.553005218505859	0.05045127868652344	486	257	level	2679	6501
81	2416.9827797412872	-379.4571434158235	1.390692949295044	13.100207567214966	None	29.793870210647583	2099.9410796165466	11.233333333333333	30	5.3678879737854	0.05244708061218262	487	258	level	2680	6531
82	2426.4988136291504	-379.4571434158235	1.390692949295044	13.207427740097046	None	30.217031955718994	2105.6213097572327	10.862068965517242	29	4.129575490951538	0.0502622127532959	488	259	level	2680	6560
