BendersMethod=level	maxNcuts=10	tol=1e-06	gapTol=0.5	pi0Coef=1.0	timeLimit=7200	poolplus=False	LevelParam=0.01	mip=True	newn=True
1	87.26780891418457	-450.4832417906725	1.0024845600128174	0.2892618179321289	None	0.5355045795440674	68.96856808662415	2.58	50	1.9317996501922607	0.08975768089294434	9	4	level	837	253
2	133.72959923744202	-375.28466425074913	1.176924467086792	0.6114850044250488	None	1.2118630409240723	111.66317057609558	2.9	50	1.5856993198394775	0.1326436996459961	30	7	level	978	413
3	189.2861258983612	-358.6759898152165	1.3514840602874756	1.0938446521759033	None	1.9518029689788818	162.86056303977966	2.78	50	2.3147804737091064	0.06283330917358398	48	10	level	1109	647
4	243.673766374588	-349.70854427988985	1.3793342113494873	1.8019721508026123	None	2.777772903442383	213.44976210594177	3.46	50	4.1489129066467285	0.06286764144897461	60	20	level	1178	931
5	323.6201386451721	-343.3190505311446	1.4062178134918213	2.7144081592559814	None	3.6604902744293213	288.95945620536804	4.34	50	8.827440023422241	0.2283618450164795	91	33	level	1235	1231
6	420.92006516456604	-331.3569910819985	1.4321482181549072	3.755779981613159	None	4.536383867263794	381.3829116821289	5.64	50	4.522932052612305	0.06387758255004883	115	42	level	1282	1536
7	552.1343877315521	-325.1162368601074	1.4490180015563965	4.878957509994507	None	5.442831039428711	507.3383107185364	6.24	50	5.074415683746338	0.0549008846282959	146	60	level	1330	1832
8	702.6541509628296	-321.3015882863842	1.4679532051086426	6.007471084594727	None	6.5022523403167725	652.1235754489899	6.66	50	7.756301403045654	0.054851531982421875	162	61	level	1378	2123
9	875.8871717453003	-318.73886461098016	1.4849061965942383	7.342095613479614	None	7.526542663574219	818.9958996772766	7.4	50	9.05277132987976	0.2762603759765625	196	62	level	1426	2487
10	1058.868043422699	-315.91748962501487	1.509838581085205	8.363690376281738	None	9.097230195999146	995.44766497612	7.7	50	8.490304708480835	0.2772090435028076	223	69	level	1474	2708
11	1202.766413450241	-314.7408815401906	1.5297858715057373	9.40600323677063	None	10.226320505142212	1133.1430003643036	7.54	50	7.346365928649902	0.2364041805267334	238	79	level	1520	2930
12	1356.4886436462402	-313.59706499518677	1.5487360954284668	10.371862649917603	None	11.852952003479004	1280.274248123169	7.8125	48	7.7213685512542725	0.07583427429199219	263	120	level	1560	3124
13	1552.1607773303986	-313.0793587055803	1.5707118511199951	11.662432432174683	None	13.566383838653564	1467.6104366779327	7.88	50	28.58162569999695	0.057825565338134766	288	88	level	1601	3347
14	1705.989756822586	-312.8006124657952	1.593646764755249	12.62012505531311	None	15.667518615722656	1613.9591960906982	7.714285714285714	49	8.927180051803589	0.05881786346435547	409	89	level	1642	3524
15	1896.9065990447998	-312.6914344891987	1.8598933219909668	13.649521112442017	None	17.65014386177063	1795.4812633991241	7.76	50	14.078381299972534	0.06183600425720215	436	90	level	1695	3722
ObjVal: -312.33999118378506	ObjBnd: -312.33999118378506	BnCTime: 1.8091232776641846	No. of MIP solns: 1	BendersTime: 0.37896180152893066	RecourseTime: 0.48169398307800293	TotalTime: 1898.7306859493256
