BendersMethod=level	maxNcuts=10	tol=1e-06	gapTol=0.5	pi0Coef=1.0	timeLimit=3600	poolplus=False	LevelParam=0.01	mip=True	newn=True
1	86.50788426399231	-795.6831580675473	0.34008216857910156	0.08388543128967285	None	0.15007305145263672	76.32757186889648	2.4	50	2.6601390838623047	0.2513303756713867	10	6	level	1059	249
2	124.22525668144226	-757.1724894197052	0.4447917938232422	0.19012904167175293	None	0.32169008255004883	111.4653332233429	3.64	50	1.9468395709991455	0.13966655731201172	37	10	level	1246	462
3	153.49016690254211	-740.1509600646498	0.5574729442596436	0.3228590488433838	None	0.5432021617889404	137.76790070533752	3.4	50	1.3917224407196045	0.20344948768615723	64	16	level	1416	726
4	185.82157373428345	-730.2810297387886	0.6692047119140625	0.4624807834625244	None	0.7635154724121094	166.7148461341858	3.22	50	2.146265983581543	0.1479814052581787	100	27	level	1585	962
5	218.5514681339264	-725.5860744578429	0.7579705715179443	0.6332004070281982	None	1.0159111022949219	196.18367624282837	3.92	50	1.7932112216949463	0.06784892082214355	111	39	level	1710	1242
6	256.5227665901184	-719.9239528886541	0.7748959064483643	0.8336634635925293	None	1.2942132949829102	231.3033847808838	4.16	50	2.1719398498535156	0.11170172691345215	135	55	level	1760	1529
7	318.7599153518677	-711.1227109213831	0.8008551597595215	1.131779670715332	None	1.6631402969360352	290.15709495544434	7.44	50	2.9381775856018066	0.3491706848144531	178	61	level	1811	1834
8	383.27900767326355	-707.0013528432903	0.831798791885376	1.4878764152526855	None	2.3380632400512695	350.5177700519562	8.06	50	4.1140358448028564	0.2812504768371582	189	81	level	1862	2160
9	456.6973886489868	-702.4532144508541	0.8806636333465576	1.8899781703948975	None	2.80358624458313	419.4322147369385	7.56	50	4.543066024780273	0.3161580562591553	212	98	level	1913	2423
10	555.9689438343048	-698.7938157395026	0.9026024341583252	2.340956926345825	None	3.458780288696289	513.2643783092499	7.98	50	6.4998779296875	0.38202333450317383	252	103	level	1962	2668
11	638.4983339309692	-696.1890414867147	0.9265787601470947	2.8266119956970215	None	4.458119869232178	589.6158032417297	8.58	50	3.486950397491455	0.08938169479370117	294	119	level	2010	2945
12	729.7374157905579	-694.1472017663153	0.9475209712982178	3.289405584335327	None	5.453398942947388	674.5813074111938	8.26	50	3.5387039184570312	0.5425434112548828	325	123	level	2059	3197
13	821.5422909259796	-692.5470857505267	0.9754362106323242	3.7352304458618164	None	6.4467597007751465	759.9152977466583	8.4	50	5.7097437381744385	0.05988168716430664	345	138	level	2107	3442
14	918.7368040084839	-690.1893966314661	1.0013670921325684	4.18210506439209	None	8.187901496887207	849.2819800376892	8.52	50	5.416509628295898	0.21046924591064453	375	139	level	2155	3621
15	1024.6631293296814	-688.9097943517161	1.0242996215820312	4.617995500564575	None	9.740246057510376	947.4121534824371	8.62	50	5.859390020370483	0.08572793006896973	384	147	level	2201	3803
16	1115.1980402469635	-687.9054994811646	1.049227237701416	5.040015697479248	None	13.308688879013062	1027.8274328708649	8.82	50	5.352961778640747	0.09175276756286621	399	163	level	2244	4010
17	1218.6539328098297	-686.9068675104857	1.0801441669464111	5.373151063919067	None	17.229487657546997	1120.3969736099243	9.04	50	6.274239778518677	0.08381342887878418	411	169	level	2288	4160
18	1313.3416664600372	-686.4587538627857	1.1110868453979492	5.717423439025879	None	21.497703313827515	1203.767790555954	8.6	50	4.983319282531738	0.08377528190612793	425	175	level	2326	4349
19	1407.6345732212067	-685.9277484006952	1.1339879035949707	6.023603916168213	None	34.23717164993286	1278.2707781791687	8.98	50	4.443245887756348	0.0767066478729248	454	181	level	2361	4476
20	1508.1651318073273	-685.3998453716481	1.1628658771514893	6.321794271469116	None	39.8749361038208	1365.93723320961	8.88	50	9.096965312957764	0.07081389427185059	471	182	level	2400	4633
21	1599.7633068561554	-684.9208844359459	1.1957762241363525	6.597063302993774	None	53.285563945770264	1436.491156578064	8.94	50	6.213842391967773	0.07579922676086426	489	192	level	2434	4762
22	1683.911717414856	-684.4618368704447	1.2187111377716064	6.858458518981934	None	69.2299644947052	1496.9932873249054	8.88	50	4.065221786499023	0.06782150268554688	497	195	level	2461	4881
23	1754.331511259079	-684.1934019983306	1.2436819076538086	7.124816656112671	None	82.74359178543091	1546.2642047405243	8.98	50	6.031920671463013	0.07080864906311035	512	200	level	2483	4986
24	1830.9418759346008	-684.0083575211704	1.2666125297546387	7.358238220214844	None	109.46588659286499	1588.3290166854858	8.92	50	4.129966497421265	0.06487131118774414	513	201	level	2504	5084
25	1912.234982252121	-683.796023110678	1.2945890426635742	7.595749616622925	None	143.97628474235535	1627.0429241657257	8.78	50	2.9690957069396973	0.07284045219421387	538	202	level	2526	5174
26	1995.8266160488129	-683.6183036393799	1.3235316276550293	7.857235908508301	None	171.6247627735138	1674.9860587120056	8.96	50	3.7544686794281006	0.07582831382751465	552	203	level	2550	5271
27	2102.9566695690155	-683.5139976631541	1.3474681377410889	8.101760149002075	None	233.26312923431396	1712.0371358394623	9.02	50	4.797444581985474	0.07679486274719238	565	204	level	2570	5351
28	2207.706473350525	-683.4533811545851	1.3723633289337158	8.348284482955933	None	296.24612975120544	1745.160878419876	8.94	50	9.862854957580566	0.08581852912902832	579	205	level	2582	5420
29	2299.285277366638	-683.3277750785097	1.3992795944213867	8.602689027786255	None	346.6884922981262	1777.4651651382446	9.04	50	4.586784362792969	0.0947868824005127	580	206	level	2600	5498
30	2383.5473985671997	-683.2895308953154	1.420219898223877	8.842146873474121	None	401.12006282806396	1798.7026460170746	8.9	50	3.6053874492645264	0.0788278579711914	590	207	level	2611	5567
31	2463.1537306308746	-683.2043128863565	1.4431383609771729	9.064668655395508	None	454.40785360336304	1816.0491292476654	8.98	50	2.550194025039673	0.06993532180786133	612	208	level	2620	5629
32	2552.6379899978638	-683.1560786568369	1.4701282978057861	9.309974908828735	None	514.8659732341766	1836.3420140743256	9.06	50	2.6030449867248535	0.06981348991394043	618	209	level	2633	5696
33	2646.8138875961304	-683.1013149269452	1.4910361766815186	9.566314935684204	None	570.3331832885742	1865.252328157425	9.0	50	4.33741021156311	0.09739303588867188	626	210	level	2645	5760
34	2728.2818171977997	-683.0660518452793	1.51198148727417	9.785565376281738	None	631.3444991111755	1876.8656733036041	8.92	50	2.7198376655578613	0.07284903526306152	640	211	level	2651	5814
35	2834.34819316864	-683.0253697889311	1.528933048248291	10.000005722045898	None	718.416356086731	1887.2266201972961	8.98	50	2.6918280124664307	0.07143783569335938	641	212	level	2656	5869
36	2924.867803812027	-683.0115017027623	1.543945550918579	10.21536135673523	None	793.3716375827789	1894.1963205337524	8.96	50	2.07545804977417	0.08576798439025879	642	213	level	2661	5922
37	3026.0279796123505	-682.9971647339609	1.5638856887817383	10.434635639190674	None	871.852725982666	1907.767513513565	8.9	50	4.45908784866333	0.07384824752807617	643	214	level	2669	5978
38	3099.1090800762177	-682.9470573838587	1.5858213901519775	10.651115417480469	None	925.5800335407257	1918.4591767787933	8.92	50	2.054706335067749	0.07583808898925781	644	215	level	2675	6033
39	3197.6033895015717	-682.9169525662661	1.6107869148254395	10.879560708999634	None	997.4225804805756	1935.978404045105	9.04	50	3.765900135040283	0.09279108047485352	654	216	level	2683	6091
40	3268.460129261017	-682.888336469387	1.6307661533355713	11.09599256515503	None	1051.2129571437836	1944.1310358047485	8.9	50	2.448479413986206	0.08677196502685547	655	217	level	2689	6147
41	3365.2345776557922	-682.8858172176496	1.6447606086730957	11.315429449081421	None	1133.809509754181	1949.420951128006	8.86	50	1.870006799697876	0.07483863830566406	656	218	level	2691	6198
42	3453.162528038025	-682.8846935432385	1.6586875915527344	11.531737327575684	None	1208.4073250293732	1953.9817838668823	8.9	50	1.0920419692993164	0.08477258682250977	657	219	level	2693	6249
43	3545.9594247341156	-682.8837237208689	1.6726765632629395	11.75216269493103	None	1285.6596066951752	1960.372409105301	8.88	50	2.0924129486083984	0.08282351493835449	658	220	level	2695	6301
44	3628.0910613536835	-682.8837237208689	1.6726765632629395	11.75216269493103	None	1363.3028614521027	1960.372409105301	8.98	0	-inf	inf	659	221	level	2695	6301
