BendersMethod=level	maxNcuts=3	tol=1e-06	gapTol=0.5	pi0Coef=1.0	timeLimit=7200	poolplus=False	LevelParam=0.01	mip=True	newn=True
1	67.2050552368164	-1123.3853475166143	0.11873245239257812	0.04887223243713379	None	0.09984636306762695	61.20533084869385	1.54	50	2.07552433013916	0.31316661834716797	10	4	level	863	198
2	98.76871132850647	-1079.426447958818	0.16548395156860352	0.10880732536315918	None	0.3602015972137451	90.89221835136414	2.72	50	1.210780143737793	0.13967013359069824	29	13	level	1013	363
3	122.1716091632843	-1046.393591045957	0.2302544116973877	0.17869257926940918	None	1.009160041809082	111.52549457550049	2.96	50	0.8936161994934082	0.1426222324371338	44	18	level	1219	563
4	140.69759154319763	-1038.1251284585499	0.30007481575012207	0.26945972442626953	None	1.3442730903625488	127.40445733070374	2.48	50	1.093123435974121	0.09474372863769531	59	31	level	1376	746
5	165.70953106880188	-1030.692215288072	0.3778727054595947	0.37610435485839844	None	1.9285242557525635	149.38281059265137	2.96	50	1.0696666240692139	0.12201309204101562	72	37	level	1545	974
6	189.75263452529907	-1027.6055501376093	0.43375587463378906	0.4808535575866699	None	2.443275213241577	170.55600762367249	2.8	50	0.8617455959320068	0.0719759464263916	86	48	level	1694	1178
7	215.81675839424133	-1024.7842865936889	0.4437282085418701	0.5938069820404053	None	4.085929870605469	193.088871717453	3.0	50	0.9192183017730713	0.10366272926330566	104	54	level	1765	1396
8	236.55211329460144	-1020.7968276680184	0.4547135829925537	0.7035987377166748	None	6.944262981414795	208.92551279067993	2.98	50	0.9614782333374023	0.04787158966064453	120	67	level	1809	1574
9	274.45729899406433	-1014.9513080060872	0.4706549644470215	0.8321537971496582	None	11.817899465560913	239.71903204917908	2.94	50	1.909764289855957	0.04587292671203613	133	82	level	1858	1716
10	308.76032066345215	-1012.5222430722185	0.47766852378845215	0.9815163612365723	None	18.274929761886597	265.1058976650238	3.0	50	2.726985216140747	0.06981396675109863	147	93	level	1894	1908
11	344.12380719184875	-1008.573571943806	0.48863792419433594	1.130155086517334	None	24.720427751541138	291.4152019023895	2.94	50	1.3742914199829102	0.05185818672180176	160	106	level	1935	2064
12	380.71570205688477	-1006.8566427094612	0.49761390686035156	1.287534475326538	None	32.033265829086304	317.97509765625	2.98	50	1.9328551292419434	0.04786324501037598	184	114	level	1977	2247
13	424.5960912704468	-1004.5860608650896	0.5095779895782471	1.453200101852417	None	41.534428358078	349.3825731277466	2.92	50	3.0062692165374756	0.04587817192077637	198	121	level	2016	2391
14	473.4601490497589	-1002.4894072572182	0.5225462913513184	1.6018881797790527	None	51.55151176452637	385.13760256767273	2.94	50	2.042673349380493	0.13567018508911133	215	122	level	2056	2531
15	514.3945024013519	-1000.6420029894083	0.5335206985473633	1.754424810409546	None	64.3219485282898	410.0934624671936	2.82	50	1.5571534633636475	0.049903154373168945	219	129	level	2087	2633
16	556.2629659175873	-998.9642161159319	0.5444900989532471	1.889488935470581	None	78.55287170410156	434.47905015945435	2.8	50	2.4808146953582764	0.04804348945617676	227	135	level	2117	2731
17	599.2860426902771	-998.5295324483747	0.554431676864624	2.0092790126800537	None	96.89897656440735	455.8992693424225	2.72	50	2.0237457752227783	0.04790925979614258	231	136	level	2143	2824
18	639.9033496379852	-998.1591250211111	0.5654010772705078	2.1329822540283203	None	115.96572709083557	473.98548555374146	2.64	50	1.5957019329071045	0.05127406120300293	243	137	level	2159	2904
19	677.5832421779633	-997.8479613155779	0.5743746757507324	2.2465450763702393	None	134.8346529006958	489.3748188018799	2.7083333333333335	48	1.6380627155303955	0.05110287666320801	244	138	level	2176	2982
20	718.7337870597839	-997.5728951099563	0.5843510627746582	2.369309186935425	None	155.30532455444336	506.54046297073364	2.7142857142857144	49	0.9859654903411865	0.05386972427368164	250	139	level	2194	3053
21	752.6239919662476	-997.513294600272	0.5943233966827393	2.4669618606567383	None	175.99856758117676	516.1849179267883	2.7	50	1.0836293697357178	0.04791736602783203	257	140	level	2206	3118
22	791.124721288681	-997.3226892555349	0.6043205261230469	2.5797629356384277	None	200.33991479873657	526.8571064472198	2.702127659574468	47	1.0292494297027588	0.05515336990356445	261	141	level	2217	3177
23	823.4210295677185	-997.2337269304425	0.6132934093475342	2.680600643157959	None	222.34693431854248	533.6578946113586	2.6382978723404253	47	1.0761303901672363	0.04891514778137207	262	142	level	2225	3234
24	862.5760171413422	-997.129503422293	0.621267557144165	2.7853763103485107	None	248.55733180046082	542.9832940101624	2.702127659574468	47	1.7634623050689697	0.054868221282958984	263	167	level	2232	3286
25	894.6071221828461	-996.9948097209626	0.6282672882080078	2.887072801589966	None	271.6401615142822	548.422482252121	2.6041666666666665	48	0.8921830654144287	0.05084061622619629	266	143	level	2240	3336
26	927.5195689201355	-996.8509895725914	0.6382389068603516	2.98884654045105	None	295.26349806785583	554.0760037899017	2.608695652173913	46	0.7111012935638428	0.05684924125671387	267	144	level	2246	3385
27	961.456395149231	-996.7854392413059	0.6482529640197754	3.0904221534729004	None	319.89330530166626	559.8549301624298	2.6	45	0.8312876224517822	0.05285382270812988	268	173	level	2251	3436
28	995.8399813175201	-996.7398891666529	0.6552331447601318	3.1921374797821045	None	344.3520338535309	566.2654633522034	2.702127659574468	47	1.5558831691741943	0.0518651008605957	269	145	level	2258	3489
29	1033.658451795578	-996.7259165296119	0.6612048149108887	3.2938051223754883	None	371.3576912879944	573.4541919231415	2.5652173913043477	46	0.9345066547393799	0.054759979248046875	270	146	level	2265	3541
30	1068.0923435688019	-996.7248353230876	0.6681866645812988	3.3934555053710938	None	398.2759938240051	577.4908130168915	2.604651162790698	43	0.825444221496582	0.05490303039550781	271	150	level	2267	3589
31	1102.829421043396	-996.72101299163	0.6741735935211182	3.4840891361236572	None	425.9487054347992	581.0005121231079	2.5681818181818183	44	0.43703770637512207	0.055883169174194336	271	153	level	2268	3633
32	1137.5296967029572	-996.7137066694969	0.6801505088806152	3.586937189102173	None	452.4869842529297	585.716912984848	2.697674418604651	43	0.8792595863342285	0.05485200881958008	275	155	level	2271	3679
33	1169.2930908203125	-996.7137066694969	0.6801505088806152	3.6746397018432617	None	478.44926476478577	588.081032037735	2.475	40	0.7410306930541992	0.05685710906982422	276	179	level	2271	3721
