BendersMethod=level	maxNcuts=20	tol=1e-06	gapTol=0.5	pi0Coef=1.0	timeLimit=3600	poolplus=False	LevelParam=0.01	mip=True	newn=True
1	43.046875	-571.5892869540752	0.29733753204345703	0.05883193016052246	None	0.05594491958618164	34.329057455062866	14.52	50	-inf	inf	10	5	level	1139	174
2	64.49749541282654	-486.30363423470794	0.3492734432220459	0.12879180908203125	None	0.13193941116333008	54.20155692100525	9.56	50	-inf	inf	21	13	level	1294	374
3	93.06267786026001	-458.76581896693375	0.36320018768310547	0.234649658203125	None	0.2547609806060791	81.54022812843323	5.16	50	-inf	inf	47	16	level	1370	648
4	120.92620086669922	-446.3607996258279	0.3731987476348877	0.3194301128387451	None	0.40422940254211426	108.00594639778137	5.06	50	-inf	inf	75	27	level	1439	882
5	164.058828830719	-436.4816770711259	0.38420724868774414	0.4777970314025879	None	0.585841178894043	149.40175032615662	5.98	50	-inf	inf	101	43	level	1506	1174
6	204.04288530349731	-432.5236612934073	0.3941793441772461	0.6481790542602539	None	0.7874820232391357	187.37450647354126	6.62	50	-inf	inf	132	51	level	1557	1474
7	261.98488211631775	-424.35698298508373	0.40714216232299805	0.8697845935821533	None	1.0201261043548584	243.01292824745178	8.22	50	-inf	inf	176	59	level	1606	1820
8	321.473739862442	-418.0122138815329	0.42007899284362793	1.1081829071044922	None	1.2736403942108154	299.8918902873993	8.68	50	-inf	inf	222	85	level	1652	2147
9	389.03409242630005	-413.3848910048371	0.43503880500793457	1.3802497386932373	None	1.5489449501037598	364.52779817581177	8.8	50	-inf	inf	242	98	level	1699	2408
10	455.5721011161804	-407.30234980673436	0.4460463523864746	1.636446237564087	None	1.8681225776672363	427.7061405181885	8.6	50	-inf	inf	264	102	level	1741	2609
11	534.556850194931	-403.24964862356705	0.4590456485748291	1.9112396240234375	None	2.20317006111145	503.15500378608704	9.62	50	-inf	inf	272	103	level	1784	2789
12	594.2650916576385	-401.1892965053928	0.4709811210632324	2.1730237007141113	None	2.5166146755218506	559.4872858524323	9.6	50	-inf	inf	278	106	level	1825	3002
13	649.8464117050171	-400.28669890075486	0.48296141624450684	2.383185625076294	None	2.841158390045166	611.6224582195282	9.04	50	-inf	inf	292	107	level	1866	3146
14	697.5747709274292	-398.94635644436767	0.4919726848602295	2.5835092067718506	None	3.2270734310150146	655.6209669113159	9.42	50	-inf	inf	305	108	level	1902	3284
15	762.9089643955231	-398.4171878114304	0.49895358085632324	2.8166322708129883	None	3.63702130317688	716.9753451347351	10.06	50	-inf	inf	320	114	level	1939	3456
16	824.6967203617096	-397.04506769598476	0.5109186172485352	3.00882625579834	None	3.9956748485565186	774.9156701564789	9.68	50	-inf	inf	351	115	level	1980	3564
17	884.9116435050964	-396.3657732098992	0.5199375152587891	3.2100672721862793	None	4.362571477890015	831.1577308177948	10.16	50	-inf	inf	360	116	level	2019	3688
18	930.6433477401733	-395.9961806676467	0.5279150009155273	3.397449254989624	None	4.726422071456909	872.9004249572754	10.44	50	-inf	inf	382	117	level	2048	3794
19	978.1473119258881	-395.86218958765454	0.5378894805908203	3.591010808944702	None	5.104467153549194	916.3843650817871	10.42	50	-inf	inf	400	118	level	2074	3893
20	1020.0342977046967	-395.57311562204393	0.5488970279693604	3.779492139816284	None	5.484493255615234	954.1107108592987	10.64	50	-inf	inf	411	119	level	2104	3983
21	1060.8601229190826	-395.30813565351446	0.5619065761566162	3.9530653953552246	None	5.874350309371948	990.583738565445	10.62	50	-inf	inf	431	120	level	2132	4070
22	1114.2533371448517	-395.1571290859559	0.57391357421875	4.160612344741821	None	6.2692320346832275	1039.6277406215668	10.92	50	-inf	inf	432	121	level	2163	4178
23	1150.8215839862823	-395.01855649369566	0.5849242210388184	4.3331685066223145	None	6.678027868270874	1071.8677439689636	11.16	50	-inf	inf	443	122	level	2187	4250
24	1185.638471364975	-394.8550472630472	0.5979080200195312	4.528493165969849	None	7.063918828964233	1102.4492454528809	11.4	50	-inf	inf	445	123	level	2206	4331
25	1217.795482158661	-394.7086213493999	0.6119115352630615	4.713849782943726	None	7.458157539367676	1130.3171517848969	11.44	50	-inf	inf	455	124	level	2231	4401
26	1240.0758600234985	-394.67916909100944	0.6219241619110107	4.875312805175781	None	7.852136135101318	1148.3510072231293	10.729166666666666	48	-inf	inf	461	125	level	2248	4465
27	1257.6987719535828	-394.6516540380105	0.6309003829956055	5.039929151535034	None	8.251238584518433	1161.7175586223602	10.916666666666666	48	-inf	inf	475	127	level	2260	4523
28	1279.4994723796844	-394.6230740663095	0.6429076194763184	5.203613519668579	None	8.66018033027649	1179.2728686332703	11.479166666666666	48	-inf	inf	476	128	level	2277	4583
29	1294.0445375442505	-394.51696184116076	0.6568689346313477	5.3782477378845215	None	9.065922021865845	1189.443668603897	11.510204081632653	49	-inf	inf	485	129	level	2291	4635
30	1308.994600534439	-394.48177325816965	0.6678762435913086	5.542670965194702	None	9.48971962928772	1199.7871477603912	11.270833333333334	48	-inf	inf	486	130	level	2304	4686
31	1333.6756012439728	-394.40564217550855	0.6788465976715088	5.71307373046875	None	9.890678644180298	1220.0940687656403	11.458333333333334	48	-inf	inf	487	131	level	2320	4749
32	1350.3549518585205	-394.37210828493744	0.6878206729888916	5.87774133682251	None	10.300202369689941	1232.331293106079	11.36734693877551	49	-inf	inf	488	132	level	2334	4803
33	1360.19766664505	-394.37032193259654	0.6958310604095459	6.035068988800049	None	10.706094741821289	1237.8326787948608	11.148936170212766	47	-inf	inf	489	133	level	2340	4852
34	1371.6899342536926	-394.36369785670377	0.7037749290466309	6.18662428855896	None	11.11202335357666	1245.0127084255219	11.127659574468085	47	-inf	inf	490	134	level	2347	4901
35	1387.212387084961	-394.3635681203451	0.7097580432891846	6.343310832977295	None	11.516943454742432	1256.2506840229034	10.804347826086957	46	-inf	inf	491	135	level	2351	4953
36	1396.3629553318024	-394.3624253038108	0.7177004814147949	6.479976177215576	None	11.916900873184204	1261.2064986228943	10.777777777777779	45	-inf	inf	492	136	level	2356	4999
37	1406.9875032901764	-394.36096629772294	0.7257201671600342	6.628748655319214	None	12.317508459091187	1267.4809811115265	11.106382978723405	47	-inf	inf	493	137	level	2361	5047
38	1418.1875731945038	-394.3598821438649	0.7327010631561279	6.784155368804932	None	12.73335862159729	1274.2292954921722	11.0625	48	-inf	inf	494	138	level	2367	5098
39	1425.8111655712128	-394.35973147001204	0.7386870384216309	6.924863576889038	None	13.136373281478882	1277.6142020225525	10.782608695652174	46	-inf	inf	495	139	level	2369	5145
40	1432.3068313598633	-394.35628367485015	0.7457084655761719	7.057430028915405	None	13.541018009185791	1279.8644967079163	10.555555555555555	45	-inf	inf	496	140	level	2370	5190
41	1441.6478543281555	-394.3524631627745	0.7546877861022949	7.201134204864502	None	13.935784339904785	1284.9209823608398	10.73913043478261	46	-inf	inf	497	141	level	2372	5237
42	1451.6271290779114	-394.35218184402424	0.7606699466705322	7.353851556777954	None	14.337745666503906	1290.5599074363708	10.893617021276595	47	-inf	inf	498	142	level	2377	5285
43	1460.442598104477	-394.3517957722463	0.7676079273223877	7.502558708190918	None	14.740458488464355	1295.0857467651367	11.042553191489361	47	-inf	inf	499	143	level	2382	5332
44	1468.9398698806763	-394.3508196494383	0.7755889892578125	7.648155689239502	None	15.1451895236969	1299.206839799881	10.652173913043478	46	-inf	inf	500	144	level	2385	5378
45	1477.0541319847107	-394.35078746880595	0.7815735340118408	7.793952465057373	None	15.547005653381348	1302.9507610797882	10.666666666666666	45	-inf	inf	501	145	level	2386	5423
46	1485.7130131721497	-394.3507701931285	0.7875628471374512	7.932641267776489	None	15.954932689666748	1307.3216395378113	10.717391304347826	46	-inf	inf	502	146	level	2387	5469
47	1493.171070575714	-394.3507701931285	0.7875628471374512	8.071239948272705	None	16.360955476760864	1310.5330834388733	10.622222222222222	45	-inf	inf	503	147	level	2387	5514
