BendersMethod=level	maxNcuts=20	tol=1e-06	gapTol=0.5	pi0Coef=1.0	timeLimit=3600	poolplus=False	LevelParam=0.01	mip=False	newn=False
1	91.08298349380493	-445.9564687189827	1.1240270137786865	1.3324706554412842	None	0.0	67.76138997077942	17.08	50	2.3836417198181152	0.3720419406890869	10	5	level	1219	932
2	171.75881147384644	-427.45126861508953	1.3045597076416016	3.2388980388641357	None	0.0	142.43251705169678	18.84	50	2.8079092502593994	0.5899643898010254	156	29	level	1415	1771
3	284.7671957015991	-404.4642142294385	1.5688459873199463	5.352322340011597	None	0.0	247.86591267585754	19.48	50	4.7804858684539795	0.6422901153564453	277	56	level	1641	2644
4	481.4732699394226	-390.7170671839237	1.8270437717437744	8.532822608947754	None	0.0	434.42095851898193	19.9	50	8.243862390518188	1.797316074371338	451	62	level	1842	4022
5	618.0237617492676	-384.73961376454935	1.8470308780670166	11.435615301132202	None	0.0	562.0095446109772	19.96	50	5.25128173828125	1.155421495437622	615	76	level	1892	4997
6	782.5217695236206	-380.7169910514007	1.8670148849487305	14.810376405715942	None	0.0	715.765625	19.96	50	6.598597526550293	1.220327377319336	728	137	level	1942	6102
7	970.5905373096466	-377.1260556521479	1.8889522552490234	18.078869104385376	None	0.0	892.4148128032684	19.96	50	7.617584943771362	1.6496305465698242	853	186	level	1992	6944
8	1124.8084170818329	-372.41124082545883	1.9138600826263428	20.72092843055725	None	0.0	1035.2822313308716	19.96	50	6.139862775802612	0.9848208427429199	989	214	level	2042	7458
9	1316.1505722999573	-368.7734175416261	1.9377970695495605	23.757738828659058	None	0.0	1214.5322892665863	19.96	50	9.555663347244263	1.3174760341644287	1051	231	level	2092	8105
10	1505.194692850113	-366.6506229113086	1.968747615814209	26.377436876296997	None	0.0	1390.5248012542725	19.96	50	7.37528395652771	0.8324868679046631	1089	248	level	2141	8553
11	1653.5331707000732	-365.81137877159574	1.9936816692352295	29.579870462417603	None	0.0	1525.2096228599548	19.96	50	5.527458906173706	0.8905982971191406	1133	260	level	2191	9219
12	1855.43172955513	-363.88598669934123	2.03456974029541	32.099058866500854	None	0.0	1713.624536037445	19.96	50	10.394919395446777	1.5400886535644531	1211	268	level	2241	9578
13	2034.238349199295	-362.4959525642739	2.074498176574707	34.49660658836365	None	0.0	1878.708800315857	19.96	50	12.586808443069458	0.7441825866699219	1299	272	level	2289	9910
14	2181.3768422603607	-361.46911150290435	2.1103999614715576	36.83235716819763	None	0.0	2011.7108325958252	19.96	50	8.46758222579956	0.5080897808074951	1340	276	level	2337	10197
15	2300.161551952362	-360.99286364530525	2.143299102783203	39.04548358917236	None	0.0	2116.5910818576813	19.96	50	4.889216423034668	0.5816550254821777	1374	277	level	2387	10457
16	2489.806489944458	-360.08876847969003	2.191164493560791	41.25235438346863	None	0.0	2292.207178592682	19.96	50	10.966370582580566	0.986353874206543	1391	286	level	2435	10686
17	2645.6215646266937	-359.7849818404638	2.225074529647827	43.601362228393555	None	0.0	2433.4972598552704	19.96	50	9.245309114456177	0.7450096607208252	1414	290	level	2485	10985
18	2750.1841156482697	-359.3187403144025	2.266134262084961	45.55086421966553	None	0.0	2523.8846783638	19.96	50	6.561071157455444	0.5909926891326904	1448	308	level	2528	11125
19	2886.7655997276306	-358.97057313278805	2.309021472930908	47.68656873703003	None	0.0	2646.1863508224487	19.96	50	10.296622276306152	0.5674839019775391	1469	313	level	2572	11329
20	2978.0584292411804	-358.60970126734003	2.3459537029266357	49.57758831977844	None	0.0	2723.291873693466	19.96	50	7.766485691070557	0.6422832012176514	1489	317	level	2601	11444
21	3082.520359992981	-358.3537084598094	2.3838887214660645	51.50063943862915	None	0.0	2812.836294412613	19.96	50	6.5864880084991455	0.5066852569580078	1507	321	level	2633	11560
22	3182.292822599411	-358.1572004460306	2.416837453842163	53.42244362831116	None	0.0	2898.238107919693	19.96	50	7.2281622886657715	0.4946906566619873	1517	323	level	2658	11679
23	3285.5099606513977	-358.0841902709788	2.4537765979766846	55.40633583068848	None	0.0	2986.4488909244537	19.96	50	5.825525999069214	0.5006880760192871	1527	325	level	2686	11810
24	3345.0424721240997	-358.0032340583893	2.48268723487854	57.17071056365967	None	0.0	3031.5639975070953	19.96	50	2.305358409881592	0.4836885929107666	1538	329	level	2694	11877
25	3406.5648744106293	-357.9648658270101	2.511645555496216	58.93981456756592	None	0.0	3078.447054386139	19.96	50	5.3070008754730225	0.5176117420196533	1546	333	level	2701	11942
26	3466.2964358329773	-357.9186029846889	2.544558525085449	60.689380168914795	None	0.0	3123.5030348300934	19.96	50	2.7920026779174805	0.41588830947875977	1555	335	level	2707	12000
27	3525.0390322208405	-357.86916285025757	2.573513984680176	62.44769835472107	None	0.0	3167.977928161621	19.96	50	2.5751118659973145	0.4278566837310791	1561	337	level	2713	12059
28	3577.317146062851	-357.86916285025757	2.574514627456665	64.14716601371765	None	0.0	3205.795426130295	19.96	50	2.0781409740448	0.3994009494781494	1565	342	level	2713	12109
