BendersMethod=level	maxNcuts=20	tol=1e-06	gapTol=0.5	pi0Coef=1.0	timeLimit=3600	poolplus=False	LevelParam=0.01	mip=True	newn=True
1	69.05028820037842	-803.6314264801251	0.5624678134918213	0.06289482116699219	None	0.09272623062133789	50.34737467765808	13.78	50	0.8925743103027344	0.357043981552124	10	5	level	925	190
2	96.35329031944275	-689.1483043225533	0.6053967475891113	0.11977458000183105	None	0.17936110496520996	75.89300441741943	17.4	50	0.8257904052734375	0.24334931373596191	24	13	level	1083	241
3	125.91118311882019	-654.2929506815735	0.6512770652770996	0.2455577850341797	None	0.27808070182800293	103.19101738929749	14.24	50	1.6465957164764404	0.1715407371520996	27	17	level	1264	500
4	152.81621146202087	-641.293919264389	0.6572601795196533	0.3811459541320801	None	0.4118506908416748	128.66024589538574	9.06	50	1.8251166343688965	0.13464117050170898	79	28	level	1336	783
5	197.65327191352844	-630.649542448779	0.6662383079528809	0.5248382091522217	None	0.5672225952148438	171.9104769229889	9.42	50	4.9308083057403564	0.08576822280883789	108	38	level	1404	1003
6	254.57599878311157	-625.5434923689033	0.6732182502746582	0.7464063167572021	None	0.7467925548553467	226.88233470916748	9.98	50	3.9963111877441406	0.1247093677520752	120	52	level	1461	1364
7	318.9787199497223	-618.872368518455	0.6841895580291748	0.9840006828308105	None	0.9572820663452148	289.0568287372589	10.76	50	2.9870102405548096	0.12665915489196777	188	61	level	1511	1660
8	387.9781451225281	-607.9182486343925	0.6911687850952148	1.1915302276611328	None	1.1837379932403564	355.59767961502075	10.74	50	4.289527654647827	0.06683850288391113	205	78	level	1558	1865
9	468.82188653945923	-602.9738231490369	0.6981487274169922	1.453824520111084	None	1.4391357898712158	433.55406045913696	10.86	50	4.475030183792114	0.10272645950317383	233	93	level	1602	2133
10	547.2820017337799	-598.3480784988776	0.7060880661010742	1.7331278324127197	None	1.7024340629577637	508.96423530578613	11.58	50	4.046178817749023	0.04887056350708008	248	104	level	1651	2353
11	673.8334729671478	-596.1542992189619	0.7140674591064453	2.044295310974121	None	1.9677033424377441	632.1584656238556	11.86	50	6.463709115982056	0.050864458084106445	272	121	level	1699	2632
12	769.3559470176697	-593.7406432064681	0.7280304431915283	2.3315975666046143	None	2.295654296875	723.9467532634735	11.68	50	5.439447402954102	0.04587864875793457	295	128	level	1743	2850
13	859.8313550949097	-591.9940484161673	0.7419929504394531	2.60785174369812	None	2.595885992050171	810.6940560340881	12.06	50	6.499613285064697	0.0518648624420166	302	142	level	1788	3032
14	927.1801941394806	-590.5875109932136	0.7519650459289551	2.836228132247925	None	2.9090330600738525	874.2000970840454	11.34	50	3.5614707469940186	0.04886984825134277	327	170	level	1830	3176
15	1016.085371017456	-589.8367686447708	0.7619366645812988	3.0897581577301025	None	3.2310378551483154	959.2045118808746	12.16	50	6.900540828704834	0.05585074424743652	334	175	level	1872	3343
16	1089.804170846939	-588.885539930736	0.7768914699554443	3.32625675201416	None	3.566030502319336	1028.9048416614532	12.56	50	4.4321417808532715	0.052858829498291016	346	182	level	1911	3470
17	1157.3335285186768	-588.653146510861	0.7878642082214355	3.539813756942749	None	3.901214122772217	1092.4048879146576	12.32	50	5.006610631942749	0.0548548698425293	348	186	level	1951	3587
18	1218.1249103546143	-588.0855400869322	0.8028249740600586	3.767216682434082	None	4.281202793121338	1148.8409314155579	12.48	50	5.572096109390259	0.0528569221496582	356	188	level	1987	3691
19	1287.8693721294403	-587.8619105316461	0.8158085346221924	3.994713068008423	None	4.6752307415008545	1214.0433723926544	13.12	50	5.198094367980957	0.05684661865234375	364	192	level	2025	3804
20	1332.686538219452	-587.7313006222245	0.8277750015258789	4.192175388336182	None	5.017425298690796	1254.6745541095734	12.76	50	5.172167539596558	0.05385470390319824	371	193	level	2056	3884
21	1377.100745677948	-587.6327788383803	0.8387451171875	4.401695251464844	None	5.371476173400879	1294.811948299408	12.76	50	4.496936798095703	0.0528566837310791	376	194	level	2084	3966
22	1436.8140020370483	-587.5272244337463	0.8507122993469238	4.6191582679748535	None	5.744528293609619	1350.0969972610474	13.26	50	7.894884347915649	0.05381894111633301	378	195	level	2117	4057
23	1478.3728473186493	-587.3613984761741	0.8636772632598877	4.835652112960815	None	6.105491876602173	1387.249635219574	13.48	50	2.835414171218872	0.05189394950866699	393	196	level	2148	4128
24	1520.224909067154	-587.3213667778052	0.8756461143493652	5.04317831993103	None	6.486721038818359	1424.6146008968353	13.32	50	3.1226470470428467	0.05385422706604004	397	200	level	2178	4201
25	1556.0590653419495	-587.2710890578309	0.8886139392852783	5.238897085189819	None	6.878732204437256	1455.9625968933105	13.166666666666666	48	5.1562066078186035	0.052892446517944336	402	207	level	2203	4260
26	1587.702465057373	-587.246828770227	0.9005811214447021	5.425394773483276	None	7.254647970199585	1483.1349408626556	12.979591836734693	49	3.10768723487854	0.052858591079711914	415	208	level	2227	4324
27	1610.673993587494	-587.2312909331765	0.9105570316314697	5.597956895828247	None	7.633638620376587	1501.833740234375	12.695652173913043	46	2.4295010566711426	0.05182838439941406	420	209	level	2245	4375
28	1650.0127761363983	-587.2116482720024	0.9235239028930664	5.788460731506348	None	8.012528896331787	1536.8410937786102	13.042553191489361	47	5.886254549026489	0.051862239837646484	423	210	level	2270	4434
29	1680.5550863742828	-587.1883648021827	0.9364895820617676	5.956888198852539	None	8.383501529693604	1563.098905801773	12.71111111111111	45	3.110713481903076	0.05385327339172363	424	211	level	2290	4492
30	1700.4379065036774	-587.182800038092	0.9464662075042725	6.10252571105957	None	8.752562522888184	1578.9396872520447	11.825	40	4.191787481307983	0.054852962493896484	407	212	level	2302	4541
31	1715.7599275112152	-587.1790139867519	0.9564416408538818	6.230180740356445	None	9.139614582061768	1590.095906496048	11.473684210526315	38	2.5531697273254395	0.051859140396118164	408	213	level	2312	4584
32	1732.2966976165771	-587.1739190588204	0.9664154052734375	6.359942197799683	None	9.527444839477539	1602.632353067398	11.028571428571428	35	4.5219035148620605	0.053853511810302734	408	214	level	2319	4620
33	1745.5013806819916	-587.1728948072542	0.9743940830230713	6.481603622436523	None	9.909541845321655	1611.8827521800995	11.194444444444445	36	4.066125392913818	0.052858591079711914	399	215	level	2324	4660
34	1756.5289192199707	-587.1722064026201	0.9833698272705078	6.5983006954193115	None	10.286399602890015	1618.9807767868042	10.529411764705882	34	2.6479177474975586	0.052824974060058594	400	216	level	2328	4697
35	1764.006884098053	-587.17218916868	0.9893898963928223	6.714987754821777	None	10.664411544799805	1622.6201555728912	10.714285714285714	35	1.0112955570220947	0.05189657211303711	401	217	level	2330	4732
36	1771.2375445365906	-587.1721401411819	0.9953739643096924	6.827673435211182	None	11.04545283317566	1626.0490083694458	10.5	34	0.8686771392822266	0.05285811424255371	402	218	level	2331	4766
37	1777.6972675323486	-587.1721401411819	0.9953739643096924	6.927361011505127	None	11.434325695037842	1628.7178485393524	10.363636363636363	33	0.8277850151062012	0.050862789154052734	403	219	level	2331	4799
