BendersMethod=level	maxNcuts=3	tol=1e-06	gapTol=0.5	pi0Coef=1.0	timeLimit=3600	poolplus=False	LevelParam=0.01	mip=True	newn=True
1	173.1702938079834	-572.3039355457782	1.303579330444336	0.1346909999847412	None	0.22446990013122559	140.94593930244446	1.015	200	0.8537197113037109	0.19647741317749023	10	4	level	4009	682
2	249.90621161460876	-480.636826004637	1.4502642154693604	0.30034613609313965	None	0.5498180389404297	214.15131521224976	2.065	200	1.025301456451416	0.0309598445892334	23	12	level	4316	1048
3	328.6598093509674	-459.742994212963	1.546086311340332	0.5936121940612793	None	1.282841444015503	288.28273344039917	2.65	200	1.6884889602661133	0.029920339584350586	42	13	level	4549	2057
4	416.6855926513672	-445.5726350961612	1.5980281829833984	0.9305827617645264	None	4.012936115264893	369.1515746116638	2.9	200	1.7403037548065186	0.029919147491455078	59	19	level	4768	3024
5	495.26461124420166	-439.09727437513124	1.6488900184631348	1.272608757019043	None	7.706969738006592	439.0844690799713	2.92	200	3.672187566757202	0.02988266944885254	92	29	level	4929	3744
6	618.7585434913635	-429.8510687462023	1.716749906539917	1.6189525127410889	None	13.758434772491455	551.1208808422089	2.965	200	2.4465153217315674	0.030915498733520508	105	35	level	5115	4377
7	731.0324835777283	-426.2259507761909	1.7965364456176758	1.9729211330413818	None	20.784471035003662	650.3878970146179	2.97	200	3.4447927474975586	0.032912254333496094	128	39	level	5267	4939
8	827.5375692844391	-422.001988844734	1.8613636493682861	2.3538949489593506	None	29.466509342193604	731.9204258918762	2.975	200	2.308788299560547	0.02988123893737793	136	44	level	5390	5467
9	937.8757157325745	-417.7310424711778	1.932246446609497	2.7240183353424072	None	40.61888813972473	824.5679218769073	2.97	200	2.324751138687134	0.02988433837890625	146	46	level	5513	5896
10	1076.2488713264465	-412.7796373243231	2.021009683609009	3.102149724960327	None	54.238868713378906	942.3428931236267	2.98	200	2.6858315467834473	0.03091883659362793	153	53	level	5627	6341
11	1223.6829228401184	-409.7307372035494	2.09584903717041	3.4890522956848145	None	69.69265937805176	1067.1886551380157	2.9390862944162435	197	4.940794944763184	0.030912399291992188	166	65	level	5750	6748
12	1320.6837270259857	-408.5291428639962	2.1437222957611084	3.861858367919922	None	85.73649597167969	1140.9337151050568	2.9583333333333335	192	2.2909152507781982	0.03191351890563965	182	66	level	5825	7082
13	1448.4951922893524	-406.9690763011012	2.1945879459381104	4.2291419506073	None	106.18849873542786	1240.8098378181458	2.931937172774869	191	2.690809726715088	0.031873226165771484	185	71	level	5920	7424
14	1574.3059673309326	-405.94278121229894	2.249479293823242	4.591207504272461	None	130.08846235275269	1335.1081321239471	2.924324324324324	185	2.071503162384033	0.0329136848449707	199	84	level	6022	7726
15	1679.1658051013947	-404.7845252772788	2.311347246170044	4.925495624542236	None	154.6459710597992	1407.7656168937683	2.8941176470588235	170	2.381634473800659	0.03392839431762695	208	87	level	6106	7975
16	1771.2905950546265	-404.4713344991812	2.3542349338531494	5.231658220291138	None	183.43892407417297	1463.4545891284943	2.863095238095238	168	1.763326644897461	0.03194904327392578	212	89	level	6162	8212
17	1853.9178042411804	-404.1009382414787	2.401149034500122	5.534891605377197	None	210.18562388420105	1511.8763754367828	2.8205128205128207	156	1.714458703994751	0.0308988094329834	213	90	level	6218	8405
18	1931.490556716919	-403.670510214838	2.447028398513794	5.791130781173706	None	241.52332592010498	1550.4960238933563	2.7943262411347516	141	1.56784987449646	0.03286862373352051	214	91	level	6259	8582
19	2004.001795053482	-403.38013916624243	2.4958977699279785	6.036667346954346	None	272.78354001045227	1584.5053007602692	2.798507462686567	134	1.5868003368377686	0.03195500373840332	221	92	level	6288	8744
20	2145.8217923641205	-403.22066116947445	2.536832094192505	6.4219138622283936	None	304.59718108177185	1686.087717294693	2.802030456852792	197	2.0225908756256104	0.032907724380493164	235	76	level	6396	9039
21	2213.9377748966217	-403.0237330395022	2.5827081203460693	6.670530796051025	None	338.1626615524292	1713.0489945411682	2.762589928057554	139	1.5119147300720215	0.03287839889526367	243	94	level	6418	9194
22	2276.8257298469543	-402.86797531627855	2.615624189376831	6.888950824737549	None	371.31422662734985	1735.4445526599884	2.6825396825396823	126	1.4521174430847168	0.03291058540344238	247	95	level	6436	9330
23	2337.1096737384796	-402.8339564166838	2.647575855255127	7.112290620803833	None	404.8943214416504	1754.748935699463	2.672	125	1.5548865795135498	0.03291010856628418	256	96	level	6453	9461
24	2399.6704757213593	-402.70386405998073	2.679527521133423	7.325580835342407	None	439.5431580543518	1775.4329369068146	2.705357142857143	112	2.083418607711792	0.03290987014770508	262	97	level	6468	9585
25	2458.2498803138733	-402.67938860723	2.7074532508850098	7.529389381408691	None	475.04602813720703	1791.2056956291199	2.7280701754385963	114	0.7141256332397461	0.03389620780944824	266	98	level	6477	9701
26	2519.1571021080017	-402.6418171129465	2.7443959712982178	7.753977537155151	None	509.4458861351013	1810.3243234157562	2.7589285714285716	112	2.0295474529266357	0.034864187240600586	269	99	level	6487	9823
27	2580.67369556427	-402.59883399100636	2.7693655490875244	7.967559576034546	None	547.9758756160736	1826.0721356868744	2.720720720720721	111	0.9734275341033936	0.03394579887390137	284	100	level	6497	9937
28	2640.4080493450165	-402.5687303700959	2.7972888946533203	8.18791937828064	None	585.8956859111786	1840.4984965324402	2.7966101694915255	118	1.0162487030029297	0.03390622138977051	287	99	level	6510	10060
29	2697.7967116832733	-402.5467165226209	2.826212167739868	8.377601385116577	None	623.9821212291718	1852.6738731861115	2.73	100	1.0023212432861328	0.033905029296875	295	102	level	6517	10163
30	2755.9682080745697	-402.53296619459104	2.851147413253784	8.596078634262085	None	660.6742691993713	1866.923079252243	2.6944444444444446	108	1.0591285228729248	0.03490495681762695	300	103	level	6525	10274
31	2815.2946543693542	-402.5197361178989	2.8771157264709473	8.803586959838867	None	701.362550497055	1878.1221528053284	2.7452830188679247	106	1.0182342529296875	0.034908294677734375	269	104	level	6532	10381
32	2870.5868837833405	-402.49933167626017	2.9020497798919678	9.002964735031128	None	739.96613240242	1887.5867881774902	2.72	100	0.9873592853546143	0.03494119644165039	270	105	level	6533	10485
33	2926.8475589752197	-402.49931687888704	2.919003963470459	9.221558570861816	None	777.6601805686951	1898.626140832901	2.7314814814814814	108	0.6781473159790039	0.0339045524597168	276	106	level	6534	10594
34	2984.079567670822	-402.49816188234036	2.939948797225952	9.442960500717163	None	814.844423532486	1911.0797617435455	2.7232142857142856	112	0.6981368064880371	0.03490471839904785	272	107	level	6535	10706
35	3038.4722368717194	-402.49816188234036	2.939948797225952	9.64846158027649	None	852.5757467746735	1920.2857778072357	2.6893203883495147	103	0.6981689929962158	0.03490591049194336	303	107	level	6535	10809
