BendersMethod=level	maxNcuts=10	tol=1e-06	gapTol=0.05	pi0Coef=1.0	timeLimit=3600	poolplus=False	LevelParam=0.01	mip=False	newn=False
1	113.5496301651001	-584.5642150844493	0.40391087532043457	1.0883748531341553	None	0.0	100.33452320098877	10.0	50	8.059780359268188	0.7522311210632324	10	5	level	1019	1092
2	265.34014534950256	-566.5944369974168	0.5874183177947998	2.738922357559204	None	0.0	245.39846420288086	10.0	50	14.972254991531372	0.9933867454528809	144	44	level	1252	2347
3	527.0253655910492	-529.1304744206138	0.7959437370300293	4.861793518066406	None	0.0	498.5470187664032	10.0	50	16.138445138931274	2.2141273021698	263	64	level	1478	3592
4	925.7937371730804	-492.4266786743188	1.0462841987609863	6.942583322525024	None	0.0	887.9597733020782	10.0	50	22.46337914466858	3.1746647357940674	378	68	level	1700	4676
5	1186.1328518390656	-489.5065485770326	1.0672259330749512	9.212697982788086	None	0.0	1139.7324640750885	10.0	50	8.4407479763031	3.259366035461426	496	77	level	1765	5767
6	1431.1313486099243	-487.0956012413534	1.0811936855316162	11.53677749633789	None	0.0	1375.7726316452026	10.0	50	10.463070631027222	2.2270140647888184	594	112	level	1815	6778
7	1780.5302729606628	-484.3094673005694	1.0971839427947998	13.352783679962158	None	0.0	1715.9618215560913	10.0	50	18.878961086273193	0.9005935192108154	732	171	level	1864	7408
8	1994.339424610138	-482.7477014017341	1.1161317825317383	14.907238483428955	None	0.0	1920.7140047550201	10.0	50	10.93960165977478	0.45186328887939453	831	181	level	1911	7967
9	2169.116097688675	-481.61381691524605	1.1360738277435303	15.890648365020752	None	0.0	2087.0425164699554	10.0	50	10.907949686050415	0.1616051197052002	883	184	level	1953	8227
10	2281.0113043785095	-480.74950315051655	1.1559743881225586	16.720113277435303	None	0.0	2190.5218291282654	10.0	50	9.436188697814941	0.16256499290466309	934	192	level	1984	8396
11	2346.5898966789246	-480.4759651893815	1.1739280223846436	17.422982692718506	None	0.0	2247.998596906662	10.0	50	5.087407827377319	0.14660358428955078	958	193	level	2003	8490
12	2391.0306537151337	-480.3841687645134	1.1868932247161865	18.037387371063232	None	0.0	2284.5544109344482	10.0	50	4.348421573638916	0.16156840324401855	967	195	level	2007	8545
13	2433.310670852661	-480.3841687645134	1.1868932247161865	18.67852258682251	None	0.0	2318.8824973106384	10.0	50	3.644282102584839	0.16558480262756348	969	200	level	2007	8595
