BendersMethod=level	maxNcuts=10	tol=1e-06	gapTol=0.05	pi0Coef=1.0	timeLimit=3600	poolplus=False	LevelParam=0.01	mip=False	newn=False
1	137.43170404434204	-1157.0603864218958	0.31510066986083984	0.7029426097869873	None	0.0	119.14334559440613	9.865	200	1.3842990398406982	0.12566518783569336	10	5	level	2981	2028
2	311.3110945224762	-1108.6428194457467	0.5045490264892578	1.9768140316009521	None	0.0	283.4255208969116	9.93	200	4.83504056930542	0.31120944023132324	68	14	level	3952	4723
3	1055.2961313724518	-1002.9754760312416	0.7150154113769531	3.9290528297424316	None	0.0	1015.3911552429199	9.97	200	7.759265661239624	1.056178092956543	159	43	level	4902	7948
4	1964.199295759201	-918.1785485641186	0.9903874397277832	6.235962867736816	None	0.0	1910.4293613433838	9.99	200	7.906867742538452	2.374652862548828	238	99	level	5770	11334
5	2232.540172100067	-910.3532199028115	1.0193500518798828	8.812261819839478	None	0.0	2168.847748041153	10.0	200	3.0598225593566895	0.5325767993927002	317	125	level	5970	14607
6	2620.5661132335663	-904.8099045119513	1.059190034866333	11.201117753982544	None	0.0	2546.567414999008	10.0	200	3.5884079933166504	0.7858576774597168	373	164	level	6170	17138
7	3092.260516166687	-899.1990684434713	1.1160767078399658	13.646745443344116	None	0.0	3007.18661403656	10.0	200	4.64259147644043	0.7639627456665039	427	196	level	6370	19487
8	3587.753118991852	-892.7967186673036	1.1858875751495361	15.447892904281616	None	0.0	3491.986962556839	10.0	200	4.759279727935791	0.7290980815887451	479	237	level	6570	20844
9	3600.038281917572	-892.4136593809156	1.2028777599334717	15.515681743621826	None	0.0	3503.8969810009003	10.0	7	3.271216630935669	0.4069504737854004	502	253	level	6576	20896
