BendersMethod=level	maxNcuts=10	tol=1e-06	gapTol=0.5	pi0Coef=1.0	timeLimit=7200	poolplus=False	LevelParam=0.01	mip=True	newn=True
1	244.35195398330688	-816.6481271859004	0.9313995838165283	0.24528074264526367	None	0.2815711498260498	214.4439079761505	2.575	200	1.155911922454834	0.18251276016235352	10	5	level	3708	955
2	349.3812997341156	-704.9985729103548	1.0490880012512207	0.39977383613586426	None	0.6723973751068115	315.5017330646515	2.565	200	4.248595714569092	0.0957491397857666	33	15	level	4040	1236
3	451.79962491989136	-658.8270655473517	1.328381061553955	0.7260720729827881	None	1.1027295589447021	409.329217672348	3.88	200	1.8700027465820312	0.0349421501159668	41	23	level	4723	2054
4	576.7277963161469	-639.5022889130057	1.3793244361877441	1.0898873805999756	None	1.6384549140930176	528.9344158172607	3.24	200	3.064762830734253	0.03688406944274902	67	28	level	4943	2966
5	799.0776076316833	-629.98915257859	1.4341790676116943	1.664494514465332	None	2.2440688610076904	744.6709110736847	4.74	200	3.8656811714172363	0.035941123962402344	98	35	level	5132	4174
6	1012.3626639842987	-621.2891386599197	1.498009204864502	2.4490699768066406	None	2.943544864654541	950.1012918949127	5.865	200	4.008289337158203	0.03790020942687988	139	39	level	5304	5580
7	1307.8459663391113	-615.5475566503864	1.5617828369140625	3.314842462539673	None	3.842758893966675	1236.3952250480652	6.5	200	6.04783821105957	0.03590226173400879	190	46	level	5482	6809
8	1618.0230343341827	-610.1155307200936	1.620661735534668	4.225306987762451	None	4.740497350692749	1536.463570356369	6.515	200	4.799134254455566	0.04391884803771973	212	70	level	5651	7962
9	1898.7886357307434	-605.4672381791107	1.682532548904419	5.031063795089722	None	5.80237603187561	1806.3309910297394	6.695	200	8.356659412384033	0.03989744186401367	254	96	level	5816	8828
10	2322.109264612198	-602.6507201788747	1.7483935356140137	5.987776756286621	None	7.751165866851807	2216.896819829941	8.195	200	7.398230314254761	0.04687047004699707	255	111	level	5990	9790
11	2651.6324541568756	-600.7224946346864	1.8292176723480225	6.845360040664673	None	9.550269603729248	2533.3085379600525	8.08	200	7.662476301193237	0.043877363204956055	279	113	level	6150	10623
12	2996.6571776866913	-599.3325016030394	1.9159832000732422	7.659910678863525	None	12.43696141242981	2863.6509652137756	8.175	200	5.061509609222412	0.04188394546508789	294	122	level	6320	11267
13	3317.156528234482	-598.4791427511321	1.9848008155822754	8.477057933807373	None	16.152711153030396	3168.247905731201	8.5	200	5.400613307952881	0.0459136962890625	307	125	level	6476	11970
14	3579.7805395126343	-597.6289544403252	2.0705742835998535	9.227565050125122	None	21.819718837738037	3412.685448884964	8.73	200	4.9916582107543945	0.04583573341369629	320	131	level	6621	12480
15	3772.9951961040497	-597.1441023117789	2.148369789123535	9.931832790374756	None	30.70051598548889	3584.240010023117	8.76	200	3.929500102996826	0.04487252235412598	339	136	level	6735	12877
ObjVal: -594.3349840303214	ObjBnd: -594.3349840303214	BnCTime: 12.765862226486206	No. of MIP solns: 4	BendersTime: 4.492995977401733	RecourseTime: 1.4792289733886719	TotalTime: 3785.7839901447296
