BendersMethod=level	maxNcuts=10	tol=1e-06	gapTol=0.5	pi0Coef=1.0	timeLimit=3600	poolplus=False	LevelParam=0.01	mip=True	newn=True
1	65.22253775596619	-770.3341398276254	0.28419995307922363	0.08160161972045898	None	0.1097710132598877	55.846861124038696	2.3	50	2.0574581623077393	0.2832789421081543	10	5	level	1084	247
2	111.00661253929138	-736.8779208024646	0.3829948902130127	0.18815374374389648	None	0.26543498039245605	99.06265759468079	3.98	50	2.075441598892212	0.0997316837310791	32	12	level	1263	486
3	147.77494287490845	-722.381360974233	0.5116467475891113	0.3568603992462158	None	0.46013641357421875	132.03162264823914	3.86	50	1.3823094367980957	0.2643396854400635	77	18	level	1437	757
4	186.3198516368866	-713.7991079298303	0.5294723510742188	0.5451998710632324	None	0.741309642791748	167.76583909988403	4.02	50	3.2884767055511475	0.19049358367919922	97	37	level	1511	1104
5	243.32103061676025	-705.3644621913021	0.5603899955749512	0.8501157760620117	None	1.0092458724975586	221.56973361968994	5.92	50	2.9785618782043457	0.15500116348266602	128	44	level	1575	1522
6	323.140611410141	-697.9103075504127	0.5872573852539062	1.2013030052185059	None	1.4431517124176025	297.53941655158997	7.08	50	5.700437784194946	0.1565718650817871	190	65	level	1632	1934
7	400.6870460510254	-692.3179387945875	0.607196569442749	1.6280674934387207	None	1.9376447200775146	370.58635330200195	7.4	50	4.162153244018555	0.22639775276184082	221	98	level	1681	2308
8	483.11731481552124	-686.457016860682	0.6281325817108154	2.039052724838257	None	2.447862386703491	447.19069957733154	7.38	50	5.8287413120269775	0.2583127021789551	243	120	level	1729	2579
9	561.1840484142303	-684.5299781170681	0.6420872211456299	2.57289719581604	None	3.3794376850128174	519.1396887302399	8.4	50	5.436248064041138	0.22343778610229492	271	143	level	1776	2972
10	636.5246307849884	-682.6253681280288	0.6620211601257324	3.020676851272583	None	4.11762809753418	588.4443390369415	7.14	50	3.5182700157165527	0.28613948822021484	301	168	level	1824	3205
11	711.5640516281128	-680.772843724622	0.6829478740692139	3.494194746017456	None	4.8315112590789795	656.6112720966339	7.46	50	4.890310287475586	0.08807945251464844	322	178	level	1866	3388
12	784.3960244655609	-679.207076818739	0.7008914947509766	3.953927755355835	None	5.880148410797119	722.3213212490082	7.48	50	3.3624863624572754	0.07684016227722168	343	195	level	1907	3609
13	844.7903432846069	-678.020038319461	0.7228260040283203	4.358896017074585	None	7.661370515823364	773.8454325199127	8.16	50	3.5283453464508057	0.08255791664123535	369	204	level	1947	3767
14	950.8999161720276	-676.8811116169184	0.7397782802581787	4.833048582077026	None	11.06513524055481	867.6074187755585	7.94	50	5.09050440788269	0.09274721145629883	379	205	level	1992	3964
15	1032.5233361721039	-675.8711010520891	0.7596786022186279	5.199760675430298	None	13.98706340789795	939.7513973712921	8.2	50	5.609160900115967	0.08078694343566895	402	218	level	2035	4115
16	1106.447122335434	-675.0801203418516	0.7815291881561279	5.574835538864136	None	16.5312283039093	1004.3271296024323	8.58	50	3.0381598472595215	0.08481502532958984	403	227	level	2075	4283
17	1163.4557602405548	-674.8173489162267	0.7984745502471924	5.8788580894470215	None	18.798518419265747	1052.2744591236115	8.28	50	3.264878749847412	0.07783746719360352	418	233	level	2107	4432
18	1208.0877549648285	-674.3395147947439	0.8163912296295166	6.144748210906982	None	22.712791204452515	1086.1328995227814	8.18	50	3.3552794456481934	0.07882952690124512	439	236	level	2133	4526
19	1255.2626123428345	-674.0143509245416	0.8353371620178223	6.397058963775635	None	28.662143230438232	1120.4410967826843	8.52	50	2.1453709602355957	0.07983064651489258	449	237	level	2159	4624
20	1300.9028041362762	-673.8122225969042	0.8512840270996094	6.639628887176514	None	34.69826364517212	1153.3145916461945	8.52	50	2.8862950801849365	0.08215808868408203	463	239	level	2182	4708
21	1342.7337169647217	-673.5735886710316	0.8701863288879395	6.883876085281372	None	39.8445782661438	1182.583575963974	8.7	50	3.791874408721924	0.07988762855529785	470	243	level	2206	4796
22	1385.2570488452911	-673.4281806057344	0.8851003646850586	7.123202800750732	None	47.2129590511322	1211.0338187217712	8.62	50	2.6272168159484863	0.0757603645324707	471	245	level	2226	4885
23	1423.7776894569397	-673.3110372749827	0.9030733108520508	7.3404645919799805	None	61.61674642562866	1228.3992536067963	8.66	50	2.4914064407348633	0.07638812065124512	478	248	level	2240	4952
24	1464.0875465869904	-673.1522586657526	0.9180378913879395	7.558919668197632	None	74.15707063674927	1248.9419512748718	8.5	50	2.610395908355713	0.07378196716308594	489	249	level	2256	5031
25	1501.8494791984558	-673.1296010906697	0.9330306053161621	7.775524616241455	None	84.40242218971252	1269.5288136005402	8.653061224489797	49	3.1905195713043213	0.08377909660339355	490	254	level	2272	5104
26	1532.3898258209229	-673.0588799919033	0.9509832859039307	7.963946104049683	None	98.2578694820404	1279.5352897644043	8.666666666666666	48	2.142277479171753	0.0777900218963623	503	255	level	2281	5158
27	1563.1902604103088	-673.0383212060017	0.9649875164031982	8.165452241897583	None	110.05104851722717	1291.4684727191925	8.58	50	2.293977975845337	0.07666826248168945	505	250	level	2293	5216
28	1594.2367916107178	-673.0026525408639	0.9779715538024902	8.365989923477173	None	122.95361399650574	1302.468537569046	8.62	50	1.3673462867736816	0.07579827308654785	506	252	level	2304	5269
29	1621.1824915409088	-672.9805530738232	0.9909460544586182	8.561298131942749	None	133.86405038833618	1311.5807976722717	8.74	50	1.6226956844329834	0.07580018043518066	507	253	level	2311	5323
30	1651.0812184810638	-672.9620829592601	1.0028550624847412	8.761722564697266	None	146.45212125778198	1321.7447574138641	8.54	50	1.0835745334625244	0.08074498176574707	508	254	level	2321	5381
31	1674.7310643196106	-672.9353925383984	1.0198111534118652	8.947214365005493	None	154.52251958847046	1330.4655275344849	8.714285714285714	49	1.935828685760498	0.07678437232971191	509	260	level	2326	5433
32	1704.5778691768646	-672.9205563767441	1.0347321033477783	9.164718389511108	None	167.80729746818542	1339.4027137756348	8.44	50	2.158402919769287	0.07779264450073242	510	255	level	2332	5489
33	1734.3343727588654	-672.8807344394761	1.0586662292480469	9.407176494598389	None	180.95701241493225	1346.4988758563995	8.58	50	1.4351651668548584	0.08402180671691895	511	256	level	2336	5540
34	1769.5500657558441	-672.8747554174328	1.0706219673156738	9.621591806411743	None	200.3489589691162	1352.9012970924377	8.729166666666666	48	1.1888532638549805	0.08828067779541016	512	263	level	2342	5590
35	1790.8280045986176	-672.870630536521	1.0835850238800049	9.817981004714966	None	210.6553065776825	1356.0598347187042	8.489795918367347	49	0.5674457550048828	0.08581113815307617	513	257	level	2343	5639
36	1832.753180027008	-672.8643339435316	1.0985407829284668	10.081485509872437	None	228.55038142204285	1367.6498575210571	8.673469387755102	49	3.871715784072876	0.10372591018676758	514	265	level	2348	5693
37	1871.7021515369415	-672.8276387202513	1.115495204925537	10.337791204452515	None	248.0169095993042	1374.877072095871	8.6875	48	1.4732215404510498	0.10177183151245117	515	266	level	2352	5742
38	1904.7689526081085	-672.8269828707091	1.1284372806549072	10.544174194335938	None	266.3072590827942	1380.9915578365326	8.833333333333334	48	1.3534259796142578	0.10272550582885742	516	267	level	2356	5791
39	1934.8298482894897	-672.8259097332855	1.1423983573913574	10.755624294281006	None	284.2528917789459	1384.718663930893	8.729166666666666	48	0.9335043430328369	0.08880376815795898	520	268	level	2358	5839
40	1972.7100818157196	-672.8229606853293	1.1572885513305664	10.973047494888306	None	306.44321274757385	1391.5489039421082	8.770833333333334	48	0.9965012073516846	0.09275126457214355	521	269	level	2364	5889
41	2000.7289686203003	-672.8209262930144	1.1682498455047607	11.177397727966309	None	321.0609073638916	1397.0839438438416	8.775510204081632	49	1.019345998764038	0.08872175216674805	523	270	level	2367	5939
42	2030.4419302940369	-672.8197447635913	1.1822359561920166	11.363610744476318	None	338.63454413414	1401.802199602127	8.693877551020408	49	1.3664507865905762	0.08178114891052246	526	271	level	2369	5988
43	2057.672392129898	-672.8107788188106	1.1971921920776367	11.551122188568115	None	352.84745931625366	1407.4468812942505	8.833333333333334	48	1.1744482517242432	0.08373165130615234	527	272	level	2374	6038
44	2085.1184158325195	-672.7995017864698	1.2170886993408203	11.752547025680542	None	363.86121439933777	1416.467430114746	8.74	50	2.008166790008545	0.07575583457946777	528	258	level	2380	6092
45	2110.5754668712616	-672.7966159594656	1.228036880493164	11.942936420440674	None	376.9927570819855	1421.3376758098602	8.510204081632653	49	0.9774277210235596	0.08482170104980469	529	274	level	2383	6142
46	2136.9031043052673	-672.7959226410468	1.238954782485962	12.166290760040283	None	389.8973937034607	1426.6916682720184	8.76	50	1.432206630706787	0.07679390907287598	530	261	level	2384	6192
47	2169.1184244155884	-672.79010653268	1.2519190311431885	12.383567571640015	None	406.6142771244049	1433.4495372772217	8.714285714285714	49	1.889345645904541	0.08776092529296875	533	262	level	2387	6245
48	2214.8840630054474	-672.7809644619921	1.275813102722168	12.65120267868042	None	429.0062379837036	1444.6243975162506	8.7	50	2.7367286682128906	0.09670829772949219	534	263	level	2394	6303
49	2254.630849123001	-672.7675907133239	1.2927968502044678	12.893481254577637	None	447.42789244651794	1456.8554978370667	8.74	50	2.036911725997925	0.09075355529785156	536	264	level	2401	6361
50	2285.7744019031525	-672.7560249481992	1.3137397766113281	13.134713411331177	None	459.502245426178	1466.7099945545197	8.775510204081632	49	2.7511374950408936	0.09375214576721191	540	287	level	2405	6416
51	2313.341462612152	-672.7533527001696	1.3287014961242676	13.350974559783936	None	473.82331013679504	1471.2648017406464	8.857142857142858	49	1.0941150188446045	0.09179854393005371	541	288	level	2408	6465
52	2338.3193860054016	-672.7533527001696	1.3287014961242676	13.552380084991455	None	486.9061529636383	1475.1710221767426	8.816326530612244	49	0.9394826889038086	0.08976149559020996	542	289	level	2408	6514
